0.000000000000000000e+00 1.000000000000000000e+00
8.008008008008008372e-04 9.999996985251092818e-01
1.601601601601601674e-03 9.999951786502844220e-01
2.402402402402402729e-03 9.999756411157509906e-01
3.203203203203203349e-03 9.999234292752177122e-01
4.004004004004003969e-03 9.998151608751507657e-01
4.804804804804805457e-03 9.996243827690263206e-01
5.605605605605606077e-03 9.993262570896834784e-01
6.406406406406406698e-03 9.989039150460624628e-01
7.207207207207207318e-03 9.983547092222633257e-01
8.008008008008007939e-03 9.976935605132700724e-01
8.808808808808809426e-03 9.969511791045035931e-01
9.609609609609610914e-03 9.961673420838018655e-01
1.041041041041041067e-02 9.953820247229933083e-01
1.121121121121121215e-02 9.946279697060070868e-01
1.201201201201201191e-02 9.939268757843761071e-01
1.281281281281281340e-02 9.932892383093225863e-01
1.361361361361361488e-02 9.927165073688706265e-01
1.441441441441441464e-02 9.922040379289081002e-01
1.521521521521521612e-02 9.917438014330874907e-01
1.601601601601601588e-02 9.913264212499498518e-01
1.681681681681681736e-02 9.909424942999222052e-01
1.761761761761761885e-02 9.905833408282668229e-01
1.841841841841842034e-02 9.902413609955358353e-01
1.921921921921922183e-02 9.899101492667974345e-01
2.002002002002001985e-02 9.895844735136360981e-01
2.082082082082082133e-02 9.892601865323599197e-01
2.162162162162162282e-02 9.889341092451154891e-01
2.242242242242242431e-02 9.886039065196604581e-01
2.322322322322322580e-02 9.882679657341657542e-01
2.402402402402402382e-02 9.879252823690537477e-01
2.482482482482482530e-02 9.875753540740166425e-01
2.562562562562562679e-02 9.872180835069737093e-01
2.642642642642642828e-02 9.868536899338027357e-01
2.722722722722722977e-02 9.864826296149192819e-01
2.802802802802802778e-02 9.861055251132319066e-01
2.882882882882882927e-02 9.857231037065451451e-01
2.962962962962963076e-02 9.853361450326062476e-01
3.043043043043043225e-02 9.849454379436903828e-01
3.123123123123123374e-02 9.845517463320259122e-01
3.203203203203203175e-02 9.841557834477057121e-01
3.283283283283283671e-02 9.837581940045628803e-01
3.363363363363363473e-02 9.833595431853059399e-01
3.443443443443443275e-02 9.829603115323979345e-01
3.523523523523523771e-02 9.825608946519078790e-01
3.603603603603603572e-02 9.821616066609735185e-01
3.683683683683684068e-02 9.817626863662859416e-01
3.763763763763763870e-02 9.813643052582718962e-01
3.843843843843844366e-02 9.809665765293744677e-01
3.923923923923924167e-02 9.805695644618382945e-01
4.004004004004003969e-02 9.801732936693851039e-01
4.084084084084084465e-02 9.797777578094253315e-01
4.164164164164164267e-02 9.793829275019229064e-01
4.244244244244244763e-02 9.789887572941063931e-01
4.324324324324324564e-02 9.785951915953500224e-01
4.404404404404404366e-02 9.782021695736968780e-01
4.484484484484484862e-02 9.778096290558606629e-01
4.564564564564564664e-02 9.774175095078290187e-01
4.644644644644645159e-02 9.770257541956961500e-01
4.724724724724724961e-02 9.766343116382467660e-01
4.804804804804804763e-02 9.762431364664301281e-01
4.884884884884885259e-02 9.758521898021402796e-01
4.964964964964965061e-02 9.754614392615676977e-01
5.045045045045045556e-02 9.750708586782215193e-01
5.125125125125125358e-02 9.746804276288967284e-01
5.205205205205205160e-02 9.742901308333126176e-01
5.285285285285285656e-02 9.738999574856532782e-01
5.365365365365365458e-02 9.735099005643677028e-01
5.445445445445445953e-02 9.731199561556905797e-01
5.525525525525525755e-02 9.727301228166829183e-01
5.605605605605605557e-02 9.723404009952602012e-01
5.685685685685686053e-02 9.719507925177128804e-01
5.765765765765765855e-02 9.715613001485936540e-01
5.845845845845846350e-02 9.711719272234315969e-01
5.925925925925926152e-02 9.707826773514467433e-01
6.006006006006005954e-02 9.703935541831137934e-01
6.086086086086086450e-02 9.700045612359228242e-01
6.166166166166166251e-02 9.696157017708681991e-01
6.246246246246246747e-02 9.692269787119088820e-01
6.326326326326327243e-02 9.688383946007832481e-01
6.406406406406406351e-02 9.684499515799793734e-01
6.486486486486486847e-02 9.680616513973130388e-01
6.566566566566567342e-02 9.676734954263086497e-01
6.646646646646646450e-02 9.672854846974023868e-01
6.726726726726726946e-02 9.668976199358093604e-01
6.806806806806807442e-02 9.665099016026784673e-01
6.886886886886886550e-02 9.661223299369046114e-01
6.966966966966967045e-02 9.657349049956160947e-01
7.047047047047047541e-02 9.653476266919305271e-01
7.127127127127128037e-02 9.649604948290591011e-01
7.207207207207207145e-02 9.645735091302390929e-01
7.287287287287287640e-02 9.641866692642858672e-01
7.367367367367368136e-02 9.637999748668091282e-01
7.447447447447447244e-02 9.634134255573090222e-01
7.527527527527527740e-02 9.630270209524894875e-01
7.607607607607608236e-02 9.626407606762058533e-01
7.687687687687688731e-02 9.622546443665033200e-01
7.767767767767767839e-02 9.618686716801980729e-01
7.847847847847848335e-02 9.614828422954551090e-01
7.927927927927928831e-02 9.610971559127733377e-01
8.008008008008007939e-02 9.607116122547599835e-01
8.088088088088088434e-02 9.603262110650141459e-01
8.168168168168168930e-02 9.599409521064132811e-01
8.248248248248248038e-02 9.595558351590276480e-01
8.328328328328328534e-02 9.591708600178487920e-01
8.408408408408409029e-02 9.587860264904910501e-01
8.488488488488489525e-02 9.584013343949577823e-01
8.568568568568568633e-02 9.580167835575664759e-01
8.648648648648649129e-02 9.576323738110676942e-01
8.728728728728729624e-02 9.572481049930002817e-01
8.808808808808808732e-02 9.568639769442823795e-01
8.888888888888889228e-02 9.564799895080422498e-01
8.968968968968969724e-02 9.560961425286708115e-01
9.049049049049048832e-02 9.557124358510870055e-01
9.129129129129129328e-02 9.553288693201826831e-01
9.209209209209209823e-02 9.549454427804270340e-01
9.289289289289290319e-02 9.545621560756057944e-01
9.369369369369369427e-02 9.541790090486710341e-01
9.449449449449449923e-02 9.537960015416758752e-01
9.529529529529530418e-02 9.534131333957788224e-01
9.609609609609609526e-02 9.530304044512930561e-01
9.689689689689690022e-02 9.526478145477739190e-01
9.769769769769770518e-02 9.522653635241243864e-01
9.849849849849849626e-02 9.518830512187115289e-01
9.929929929929930121e-02 9.515008774694864169e-01
1.001001001001001062e-01 9.511188421141042459e-01
1.009009009009009111e-01 9.507369449900213709e-01
1.017017017017017022e-01 9.503551859346155428e-01
1.025025025025025072e-01 9.499735647852542986e-01
1.033033033033033121e-01 9.495920813793775617e-01
1.041041041041041032e-01 9.492107355545610359e-01
1.049049049049049082e-01 9.488295271485646110e-01
1.057057057057057131e-01 9.484484559993733299e-01
1.065065065065065181e-01 9.480675219452284752e-01
1.073073073073073092e-01 9.476867248246487740e-01
1.081081081081081141e-01 9.473060644764447202e-01
1.089089089089089191e-01 9.469255407397280111e-01
1.097097097097097101e-01 9.465451534539168765e-01
1.105105105105105151e-01 9.461649024587350798e-01
1.113113113113113201e-01 9.457847875942106963e-01
1.121121121121121111e-01 9.454048087006731160e-01
1.129129129129129161e-01 9.450249656187467151e-01
1.137137137137137211e-01 9.446452581893459710e-01
1.145145145145145260e-01 9.442656862536699114e-01
1.153153153153153171e-01 9.438862496531951196e-01
1.161161161161161220e-01 9.435069482296719601e-01
1.169169169169169270e-01 9.431277818251183609e-01
1.177177177177177181e-01 9.427487502818150400e-01
1.185185185185185230e-01 9.423698534423040618e-01
1.193193193193193280e-01 9.419910911493827310e-01
1.201201201201201191e-01 9.416124632461033706e-01
1.209209209209209240e-01 9.412339695757701019e-01
1.217217217217217290e-01 9.408556099819375129e-01
1.225225225225225339e-01 9.404773843084095475e-01
1.233233233233233250e-01 9.400992923992391725e-01
1.241241241241241300e-01 9.397213340987272678e-01
1.249249249249249349e-01 9.393435092514241802e-01
1.257257257257257399e-01 9.389658177021267260e-01
1.265265265265265449e-01 9.385882592958812998e-01
1.273273273273273221e-01 9.382108338779824308e-01
1.281281281281281270e-01 9.378335412939738935e-01
1.289289289289289320e-01 9.374563813896488185e-01
1.297297297297297369e-01 9.370793540110501363e-01
1.305305305305305419e-01 9.367024590044701338e-01
1.313313313313313468e-01 9.363256962164530073e-01
1.321321321321321518e-01 9.359490654937930865e-01
1.329329329329329290e-01 9.355725666835357224e-01
1.337337337337337340e-01 9.351961996329783977e-01
1.345345345345345389e-01 9.348199641896697276e-01
1.353353353353353439e-01 9.344438602014102369e-01
1.361361361361361488e-01 9.340678875162534700e-01
1.369369369369369538e-01 9.336920459825051033e-01
1.377377377377377310e-01 9.333163354487226115e-01
1.385385385385385359e-01 9.329407557637173776e-01
1.393393393393393409e-01 9.325653067765534709e-01
1.401401401401401459e-01 9.321899883365465378e-01
1.409409409409409508e-01 9.318148002932675755e-01
1.417417417417417558e-01 9.314397424965377148e-01
1.425425425425425607e-01 9.310648147964345478e-01
1.433433433433433379e-01 9.306900170432874653e-01
1.441441441441441429e-01 9.303153490876795439e-01
1.449449449449449479e-01 9.299408107804478796e-01
1.457457457457457528e-01 9.295664019726810334e-01
1.465465465465465578e-01 9.291921225157242503e-01
1.473473473473473627e-01 9.288179722611749067e-01
1.481481481481481677e-01 9.284439510608855084e-01
1.489489489489489449e-01 9.280700587669599155e-01
1.497497497497497498e-01 9.276962952317597821e-01
1.505505505505505548e-01 9.273226603078973396e-01
1.513513513513513598e-01 9.269491538482408366e-01
1.521521521521521647e-01 9.265757757059138733e-01
1.529529529529529697e-01 9.262025257342927365e-01
1.537537537537537746e-01 9.258294037870087312e-01
1.545545545545545518e-01 9.254564097179485138e-01
1.553553553553553568e-01 9.250835433812520936e-01
1.561561561561561617e-01 9.247108046313162744e-01
1.569569569569569667e-01 9.243381933227908798e-01
1.577577577577577717e-01 9.239657093105818619e-01
1.585585585585585766e-01 9.235933524498497471e-01
1.593593593593593538e-01 9.232211225960114120e-01
1.601601601601601588e-01 9.228490196047378635e-01
1.609609609609609637e-01 9.224770433319557927e-01
1.617617617617617687e-01 9.221051936338474642e-01
1.625625625625625736e-01 9.217334703668510487e-01
1.633633633633633786e-01 9.213618733876609568e-01
1.641641641641641836e-01 9.209904025532256178e-01
1.649649649649649608e-01 9.206190577207518100e-01
1.657657657657657657e-01 9.202478387476995536e-01
1.665665665665665707e-01 9.198767454917879949e-01
1.673673673673673756e-01 9.195057778109899660e-01
1.681681681681681806e-01 9.191349355635360929e-01
1.689689689689689855e-01 9.187642186079130191e-01
1.697697697697697905e-01 9.183936268028641825e-01
1.705705705705705677e-01 9.180231600073884835e-01
1.713713713713713727e-01 9.176528180807432822e-01
1.721721721721721776e-01 9.172826008824416233e-01
1.729729729729729826e-01 9.169125082723469378e-01
1.737737737737737875e-01 9.165425401102049729e-01
1.745745745745745925e-01 9.161726962565822641e-01
1.753753753753753697e-01 9.158029765719254423e-01
1.761761761761761746e-01 9.154333809170341896e-01
1.769769769769769796e-01 9.150639091529643165e-01
1.777777777777777846e-01 9.146945611410289834e-01
1.785785785785785895e-01 9.143253367427996992e-01
1.793793793793793945e-01 9.139562358201053227e-01
1.801801801801801994e-01 9.135872582350320625e-01
1.809809809809809766e-01 9.132184038499250311e-01
1.817817817817817816e-01 9.128496725273859136e-01
1.825825825825825866e-01 9.124810641302760761e-01
1.833833833833833915e-01 9.121125785217133464e-01
1.841841841841841965e-01 9.117442155650752333e-01
1.849849849849850014e-01 9.113759751239965956e-01
1.857857857857858064e-01 9.110078570623706407e-01
1.865865865865865836e-01 9.106398612443508123e-01
1.873873873873873885e-01 9.102719875343469047e-01
1.881881881881881935e-01 9.099042357970286155e-01
1.889889889889889985e-01 9.095366058973241019e-01
1.897897897897898034e-01 9.091690977004210916e-01
1.905905905905906084e-01 9.088017110717657721e-01
1.913913913913914133e-01 9.084344458770633457e-01
1.921921921921921905e-01 9.080673019822788072e-01
1.929929929929929955e-01 9.077002792536349451e-01
1.937937937937938004e-01 9.073333775576157834e-01
1.945945945945946054e-01 9.069665967609636947e-01
1.953953953953954104e-01 9.065999367306818435e-01
1.961961961961962153e-01 9.062333973340309656e-01
1.969969969969969925e-01 9.058669784385325885e-01
1.977977977977977975e-01 9.055006799119699190e-01
1.985985985985986024e-01 9.051345016223828477e-01
1.993993993993994074e-01 9.047684434380737217e-01
2.002002002002002123e-01 9.044025052276041254e-01
2.010010010010010173e-01 9.040366868597955463e-01
2.018018018018018223e-01 9.036709882037307073e-01
2.026026026026025995e-01 9.033054091287522347e-01
2.034034034034034044e-01 9.029399495044629909e-01
2.042042042042042094e-01 9.025746092007260746e-01
2.050050050050050143e-01 9.022093880876674854e-01
2.058058058058058193e-01 9.018442860356712387e-01
2.066066066066066242e-01 9.014793029153835846e-01
2.074074074074074292e-01 9.011144385977123417e-01
2.082082082082082064e-01 9.007496929538247876e-01
2.090090090090090114e-01 9.003850658551508790e-01
2.098098098098098163e-01 9.000205571733808085e-01
2.106106106106106213e-01 8.996561667804658935e-01
2.114114114114114262e-01 8.992918945486209070e-01
2.122122122122122312e-01 8.989277403503199704e-01
2.130130130130130361e-01 8.985637040582992174e-01
2.138138138138138133e-01 8.981997855455570168e-01
2.146146146146146183e-01 8.978359846853540827e-01
2.154154154154154233e-01 8.974723013512115877e-01
2.162162162162162282e-01 8.971087354169136052e-01
2.170170170170170332e-01 8.967452867565055552e-01
2.178178178178178381e-01 8.963819552442974237e-01
2.186186186186186153e-01 8.960187407548568794e-01
2.194194194194194203e-01 8.956556431630193771e-01
2.202202202202202252e-01 8.952926623438782761e-01
2.210210210210210302e-01 8.949297981727918350e-01
2.218218218218218352e-01 8.945670505253811022e-01
2.226226226226226401e-01 8.942044192775282507e-01
2.234234234234234451e-01 8.938419043053830171e-01
2.242242242242242223e-01 8.934795054853446050e-01
2.250250250250250272e-01 8.931172226940941039e-01
2.258258258258258322e-01 8.927550558085629584e-01
2.266266266266266372e-01 8.923930047059503989e-01
2.274274274274274421e-01 8.920310692637161143e-01
2.282282282282282471e-01 8.916692493595865798e-01
2.290290290290290520e-01 8.913075448715489513e-01
2.298298298298298292e-01 8.909459556778542844e-01
2.306306306306306342e-01 8.905844816570198663e-01
2.314314314314314391e-01 8.902231226878228876e-01
2.322322322322322441e-01 8.898618786493072141e-01
2.330330330330330491e-01 8.895007494207790577e-01
2.338338338338338540e-01 8.891397348818093072e-01
2.346346346346346590e-01 8.887788349122326403e-01
2.354354354354354362e-01 8.884180493921486343e-01
2.362362362362362411e-01 8.880573782019199891e-01
2.370370370370370461e-01 8.876968212221738597e-01
2.378378378378378510e-01 8.873363783338026334e-01
2.386386386386386560e-01 8.869760494179639299e-01
2.394394394394394610e-01 8.866158343560780475e-01
2.402402402402402382e-01 8.862557330298299618e-01
2.410410410410410431e-01 8.858957453211717681e-01
2.418418418418418481e-01 8.855358711123184623e-01
2.426426426426426530e-01 8.851761102857503838e-01
2.434434434434434580e-01 8.848164627242137703e-01
2.442442442442442629e-01 8.844569283107082125e-01
2.450450450450450679e-01 8.840975069285416099e-01
2.458458458458458451e-01 8.837381984612205921e-01
2.466466466466466501e-01 8.833790027925666477e-01
2.474474474474474550e-01 8.830199198066510657e-01
2.482482482482482600e-01 8.826609493878109225e-01
2.490490490490490649e-01 8.823020914206498588e-01
2.498498498498498699e-01 8.819433457900368589e-01
2.506506506506506748e-01 8.815847123811070274e-01
2.514514514514514798e-01 8.812261910792614783e-01
2.522522522522522848e-01 8.808677817701674462e-01
2.530530530530530897e-01 8.805094843397577309e-01
2.538538538538538392e-01 8.801512986742322520e-01
2.546546546546546441e-01 8.797932246600553841e-01
2.554554554554554491e-01 8.794352621839610640e-01
2.562562562562562540e-01 8.790774111329462404e-01
2.570570570570570590e-01 8.787196713942759807e-01
2.578578578578578639e-01 8.783620428554829163e-01
2.586586586586586689e-01 8.780045254043639114e-01
2.594594594594594739e-01 8.776471189289866137e-01
2.602602602602602788e-01 8.772898233176805727e-01
2.610610610610610838e-01 8.769326384590464540e-01
2.618618618618618887e-01 8.765755642419491567e-01
2.626626626626626937e-01 8.762186005555231416e-01
2.634634634634634986e-01 8.758617472891683242e-01
2.642642642642643036e-01 8.755050043325592890e-01
2.650650650650650531e-01 8.751483715756100956e-01
2.658658658658658580e-01 8.747918489085461102e-01
2.666666666666666630e-01 8.744354362218292875e-01
2.674674674674674679e-01 8.740791334061974727e-01
2.682682682682682729e-01 8.737229403526562965e-01
2.690690690690690778e-01 8.733668569524805081e-01
2.698698698698698828e-01 8.730108830972104217e-01
2.706706706706706878e-01 8.726550186786559138e-01
2.714714714714714927e-01 8.722992635888947577e-01
2.722722722722722977e-01 8.719436177202722904e-01
2.730730730730731026e-01 8.715880809654021899e-01
2.738738738738739076e-01 8.712326532171680293e-01
2.746746746746747125e-01 8.708773343687193913e-01
2.754754754754754620e-01 8.705221243134755316e-01
2.762762762762762669e-01 8.701670229451249350e-01
2.770770770770770719e-01 8.698120301576237612e-01
2.778778778778778769e-01 8.694571458451978430e-01
2.786786786786786818e-01 8.691023699023395777e-01
2.794794794794794868e-01 8.687477022238130342e-01
2.802802802802802917e-01 8.683931427046508444e-01
2.810810810810810967e-01 8.680386912401537591e-01
2.818818818818819016e-01 8.676843477258903148e-01
2.826826826826827066e-01 8.673301120577023848e-01
2.834834834834835116e-01 8.669759841316981852e-01
2.842842842842843165e-01 8.666219638442550499e-01
2.850850850850851215e-01 8.662680510920217625e-01
2.858858858858859264e-01 8.659142457719144481e-01
2.866866866866866759e-01 8.655605477811211257e-01
2.874874874874874808e-01 8.652069570170972668e-01
2.882882882882882858e-01 8.648534733775710137e-01
2.890890890890890907e-01 8.645000967605375175e-01
2.898898898898898957e-01 8.641468270642638227e-01
2.906906906906907007e-01 8.637936641872857590e-01
2.914914914914915056e-01 8.634406080284100504e-01
2.922922922922923106e-01 8.630876584867137602e-01
2.930930930930931155e-01 8.627348154615444020e-01
2.938938938938939205e-01 8.623820788525182746e-01
2.946946946946947254e-01 8.620294485595236811e-01
2.954954954954955304e-01 8.616769244827190422e-01
2.962962962962963354e-01 8.613245065225341168e-01
2.970970970970970848e-01 8.609721945796671161e-01
2.978978978978978898e-01 8.606199885550911421e-01
2.986986986986986947e-01 8.602678883500447515e-01
2.994994994994994997e-01 8.599158938714106526e-01
3.003003003003003046e-01 8.595640050048644065e-01
3.011011011011011096e-01 8.592122216685685876e-01
3.019019019019019145e-01 8.588605437594776237e-01
3.027027027027027195e-01 8.585089711801905388e-01
3.035035035035035245e-01 8.581575038335743644e-01
3.043043043043043294e-01 8.578061416227683589e-01
3.051051051051051344e-01 8.574548844511832302e-01
3.059059059059059393e-01 8.571037322225023569e-01
3.067067067067067443e-01 8.567526848406795681e-01
3.075075075075075492e-01 8.564017422099399202e-01
3.083083083083082987e-01 8.560509042347810293e-01
3.091091091091091037e-01 8.557001708199724055e-01
3.099099099099099086e-01 8.553495418705564513e-01
3.107107107107107136e-01 8.549990172918453535e-01
3.115115115115115185e-01 8.546485969894239698e-01
3.123123123123123235e-01 8.542982808691504948e-01
3.131131131131131284e-01 8.539480688371549055e-01
3.139139139139139334e-01 8.535979607998381846e-01
3.147147147147147384e-01 8.532479566638758728e-01
3.155155155155155433e-01 8.528980563353285582e-01
3.163163163163163483e-01 8.525482597240712224e-01
3.171171171171171532e-01 8.521985667349402105e-01
3.179179179179179582e-01 8.518489772765853729e-01
3.187187187187187076e-01 8.514994912570444940e-01
3.195195195195195126e-01 8.511501085846274739e-01
3.203203203203203175e-01 8.508008291679162172e-01
3.211211211211211225e-01 8.504516529157676308e-01
3.219219219219219275e-01 8.501025797373096271e-01
3.227227227227227324e-01 8.497536095419447877e-01
3.235235235235235374e-01 8.494047422393482538e-01
3.243243243243243423e-01 8.490559777394683927e-01
3.251251251251251473e-01 8.487073159525269084e-01
3.259259259259259522e-01 8.483587567890175096e-01
3.267267267267267572e-01 8.480103001597102397e-01
3.275275275275275622e-01 8.476619459756453701e-01
3.283283283283283671e-01 8.473136941481406170e-01
3.291291291291291166e-01 8.469655445887837031e-01
3.299299299299299215e-01 8.466174972094370199e-01
3.307307307307307265e-01 8.462695519225130747e-01
3.315315315315315314e-01 8.459217086396050300e-01
3.323323323323323364e-01 8.455739672741982016e-01
3.331331331331331413e-01 8.452263277389990836e-01
3.339339339339339463e-01 8.448787899472329777e-01
3.347347347347347513e-01 8.445313538124069597e-01
3.355355355355355562e-01 8.441840192482999994e-01
3.363363363363363612e-01 8.438367861689696214e-01
3.371371371371371661e-01 8.434896544887415804e-01
3.379379379379379711e-01 8.431426241222224061e-01
3.387387387387387760e-01 8.427956949842893009e-01
3.395395395395395810e-01 8.424488669900932480e-01
3.403403403403403304e-01 8.421021400550634528e-01
3.411411411411411354e-01 8.417555140949001258e-01
3.419419419419419404e-01 8.414089890255805892e-01
3.427427427427427453e-01 8.410625647633556135e-01
3.435435435435435503e-01 8.407162412247510819e-01
3.443443443443443552e-01 8.403700183265685464e-01
3.451451451451451602e-01 8.400238959858831178e-01
3.459459459459459651e-01 8.396778741200467966e-01
3.467467467467467701e-01 8.393319526466805902e-01
3.475475475475475751e-01 8.389861314836930539e-01
3.483483483483483800e-01 8.386404105492558658e-01
3.491491491491491850e-01 8.382947897618204802e-01
3.499499499499499899e-01 8.379492690401149080e-01
3.507507507507507394e-01 8.376038483031409410e-01
3.515515515515515443e-01 8.372585274701755953e-01
3.523523523523523493e-01 8.369133064607725547e-01
3.531531531531531543e-01 8.365681851947600611e-01
3.539539539539539592e-01 8.362231635922429129e-01
3.547547547547547642e-01 8.358782415735993565e-01
3.555555555555555691e-01 8.355334190594861932e-01
3.563563563563563741e-01 8.351886959708340052e-01
3.571571571571571790e-01 8.348440722288521521e-01
3.579579579579579840e-01 8.344995477550209984e-01
3.587587587587587890e-01 8.341551224710999080e-01
3.595595595595595939e-01 8.338107962992751254e-01
3.603603603603603989e-01 8.334665691614033811e-01
3.611611611611612038e-01 8.331224409805313424e-01
3.619619619619619533e-01 8.327784116793626179e-01
3.627627627627627582e-01 8.324344811810410194e-01
3.635635635635635632e-01 8.320906494089816974e-01
3.643643643643643681e-01 8.317469162868759147e-01
3.651651651651651731e-01 8.314032817386934893e-01
3.659659659659659781e-01 8.310597456886790191e-01
3.667667667667667830e-01 8.307163080613523265e-01
3.675675675675675880e-01 8.303729687815134541e-01
3.683683683683683929e-01 8.300297277742346713e-01
3.691691691691691979e-01 8.296865849648685787e-01
3.699699699699700028e-01 8.293435402790420019e-01
3.707707707707708078e-01 8.290005936426603217e-01
3.715715715715716128e-01 8.286577449819044761e-01
3.723723723723723622e-01 8.283149942232314045e-01
3.731731731731731672e-01 8.279723412881188072e-01
3.739739739739739721e-01 8.276297861193531169e-01
3.747747747747747771e-01 8.272873286284484484e-01
3.755755755755755820e-01 8.269449687482284261e-01
3.763763763763763870e-01 8.266027064065363250e-01
3.771771771771771919e-01 8.262605415314915325e-01
3.779779779779779969e-01 8.259184740514924350e-01
3.787787787787788019e-01 8.255765038952105339e-01
3.795795795795796068e-01 8.252346309915999933e-01
3.803803803803804118e-01 8.248928552698886474e-01
3.811811811811812167e-01 8.245511766595824410e-01
3.819819819819820217e-01 8.242095950904650969e-01
3.827827827827828266e-01 8.238681104925972276e-01
3.835835835835835761e-01 8.235267227963172232e-01
3.843843843843843811e-01 8.231854319322394753e-01
3.851851851851851860e-01 8.228442378312602612e-01
3.859859859859859910e-01 8.225031404245481959e-01
3.867867867867867959e-01 8.221621396435460083e-01
3.875875875875876009e-01 8.218212354199987413e-01
3.883883883883884058e-01 8.214804276858898024e-01
3.891891891891892108e-01 8.211397163735092430e-01
3.899899899899900158e-01 8.207991014154149001e-01
3.907907907907908207e-01 8.204585827444440538e-01
3.915915915915916257e-01 8.201181602937127613e-01
3.923923923923924306e-01 8.197778339966118599e-01
3.931931931931932356e-01 8.194376037868134066e-01
3.939939939939939850e-01 8.190974695982647935e-01
3.947947947947947900e-01 8.187574313651910796e-01
3.955955955955955949e-01 8.184174890221008747e-01
3.963963963963963999e-01 8.180776425037735722e-01
3.971971971971972049e-01 8.177378917452700069e-01
3.979979979979980098e-01 8.173982366819310119e-01
3.987987987987988148e-01 8.170586772493850791e-01
3.995995995995996197e-01 8.167192133834875190e-01
4.004004004004004247e-01 8.163798450204450274e-01
4.012012012012012296e-01 8.160405720967048859e-01
4.020020020020020346e-01 8.157013945489950402e-01
4.028028028028028396e-01 8.153623123143198814e-01
4.036036036036036445e-01 8.150233253299679070e-01
4.044044044044044495e-01 8.146844335335026166e-01
4.052052052052051989e-01 8.143456368627669528e-01
4.060060060060060039e-01 8.140069352558830795e-01
4.068068068068068088e-01 8.136683286512482738e-01
4.076076076076076138e-01 8.133298169875416983e-01
4.084084084084084187e-01 8.129914002037199605e-01
4.092092092092092237e-01 8.126530782390175567e-01
4.100100100100100287e-01 8.123148510329493144e-01
4.108108108108108336e-01 8.119767185253045083e-01
4.116116116116116386e-01 8.116386806611557425e-01
4.124124124124124435e-01 8.113007373658498445e-01
4.132132132132132485e-01 8.109628885950156407e-01
4.140140140140140534e-01 8.106251342845606223e-01
4.148148148148148584e-01 8.102874743756682818e-01
4.156156156156156078e-01 8.099499088097998900e-01
4.164164164164164128e-01 8.096124375287000463e-01
4.172172172172172178e-01 8.092750604743881304e-01
4.180180180180180227e-01 8.089377775891621880e-01
4.188188188188188277e-01 8.086005888156047039e-01
4.196196196196196326e-01 8.082634940965706116e-01
4.204204204204204376e-01 8.079264933751928446e-01
4.212212212212212425e-01 8.075895865948822250e-01
4.220220220220220475e-01 8.072527736993391212e-01
4.228228228228228525e-01 8.069160546325324646e-01
4.236236236236236574e-01 8.065794293387142933e-01
4.244244244244244624e-01 8.062428977624165327e-01
4.252252252252252673e-01 8.059064598484312336e-01
4.260260260260260723e-01 8.055701155418590886e-01
4.268268268268268217e-01 8.052338647880616929e-01
4.276276276276276267e-01 8.048977075326807507e-01
4.284284284284284317e-01 8.045616437216698280e-01
4.292292292292292366e-01 8.042256733011676761e-01
4.300300300300300416e-01 8.038897962177140588e-01
4.308308308308308465e-01 8.035540124180476917e-01
4.316316316316316515e-01 8.032183218491971699e-01
4.324324324324324564e-01 8.028827244584716416e-01
4.332332332332332614e-01 8.025472201935004435e-01
4.340340340340340664e-01 8.022118090021428394e-01
4.348348348348348713e-01 8.018764925061121485e-01
4.356356356356356763e-01 8.015412656331768471e-01
4.364364364364364812e-01 8.012061333526391271e-01
4.372372372372372307e-01 8.008710939400964790e-01
4.380380380380380356e-01 8.005361473446443998e-01
4.388388388388388406e-01 8.002012935159540374e-01
4.396396396396396455e-01 7.998665324037447233e-01
4.404404404404404505e-01 7.995318639582094100e-01
4.412412412412412555e-01 7.991972881297650932e-01
4.420420420420420604e-01 7.988628048690242789e-01
4.428428428428428654e-01 7.985284141268333968e-01
4.436436436436436703e-01 7.981941158546782544e-01
4.444444444444444753e-01 7.978599100034853286e-01
4.452452452452452802e-01 7.975257965259708870e-01
4.460460460460460852e-01 7.971917751394499430e-01
4.468468468468468902e-01 7.968578464981962428e-01
4.476476476476476951e-01 7.965240098533463708e-01
4.484484484484484446e-01 7.961902653914993966e-01
4.492492492492492495e-01 7.958566130658961679e-01
4.500500500500500545e-01 7.955230528297730919e-01
4.508508508508508594e-01 7.951895846368940424e-01
4.516516516516516644e-01 7.948562084417163387e-01
4.524524524524524693e-01 7.945229241979087087e-01
4.532532532532532743e-01 7.941897318609383305e-01
4.540540540540540793e-01 7.938566313847699174e-01
4.548548548548548842e-01 7.935236227241658780e-01
4.556556556556556892e-01 7.931907058360527785e-01
4.564564564564564941e-01 7.928578806749797536e-01
4.572572572572572991e-01 7.925251689689787327e-01
4.580580580580581040e-01 7.921925053591825083e-01
4.588588588588588535e-01 7.918599551171529027e-01
4.596596596596596584e-01 7.915274964265391899e-01
4.604604604604604634e-01 7.911951292468929475e-01
4.612612612612612684e-01 7.908628535336372778e-01
4.620620620620620733e-01 7.905306692478811792e-01
4.628628628628628783e-01 7.901985763409133945e-01
4.636636636636636832e-01 7.898665747765175604e-01
4.644644644644644882e-01 7.895346645137164554e-01
4.652652652652652931e-01 7.892028455065899228e-01
4.660660660660660981e-01 7.888711177160590005e-01
4.668668668668669031e-01 7.885394811019488248e-01
4.676676676676677080e-01 7.882079356248548052e-01
4.684684684684685130e-01 7.878764812465366418e-01
4.692692692692693179e-01 7.875451179237993315e-01
4.700700700700700674e-01 7.872138456124297967e-01
4.708708708708708723e-01 7.868826642810119454e-01
4.716716716716716773e-01 7.865515738893474884e-01
4.724724724724724823e-01 7.862205743898202925e-01
4.732732732732732872e-01 7.858896657665084273e-01
4.740740740740740922e-01 7.855588479516961709e-01
4.748748748748748971e-01 7.852281209221952940e-01
4.756756756756757021e-01 7.848974846462289934e-01
4.764764764764765070e-01 7.845669390811595978e-01
4.772772772772773120e-01 7.842364841882474291e-01
4.780780780780781170e-01 7.839061199255723533e-01
4.788788788788789219e-01 7.835758462516182465e-01
4.796796796796797269e-01 7.832456631531150570e-01
4.804804804804804763e-01 7.829155705912637098e-01
4.812812812812812813e-01 7.825855685101995585e-01
4.820820820820820862e-01 7.822556568765149931e-01
4.828828828828828912e-01 7.819258356952166755e-01
4.836836836836836961e-01 7.815961048440478454e-01
4.844844844844845011e-01 7.812664643939221110e-01
4.852852852852853061e-01 7.809369142609541292e-01
4.860860860860861110e-01 7.806074543846575065e-01
4.868868868868869160e-01 7.802780847608867809e-01
4.876876876876877209e-01 7.799488053566204782e-01
4.884884884884885259e-01 7.796196161215017684e-01
4.892892892892893308e-01 7.792905170368139567e-01
4.900900900900901358e-01 7.789615080997974728e-01
4.908908908908909408e-01 7.786325892762319123e-01
4.916916916916916902e-01 7.783037604366613849e-01
4.924924924924924952e-01 7.779750216454363043e-01
4.932932932932933001e-01 7.776463728085275529e-01
4.940940940940941051e-01 7.773178140242624767e-01
4.948948948948949100e-01 7.769893450439449012e-01
4.956956956956957150e-01 7.766609659958456646e-01
4.964964964964965199e-01 7.763326769310074926e-01
4.972972972972973249e-01 7.760044775757257707e-01
4.980980980980981299e-01 7.756763680320164500e-01
4.988988988988989348e-01 7.753482909656435051e-01
4.996996996996997398e-01 7.750204183575669648e-01
5.005005005005005447e-01 7.746925780922366833e-01
5.013013013013013497e-01 7.743648274499707052e-01
5.021021021021021546e-01 7.740371664062023482e-01
5.029029029029029596e-01 7.737095951116830239e-01
5.037037037037037646e-01 7.733821135355587462e-01
5.045045045045045695e-01 7.730547213781865379e-01
5.053053053053053745e-01 7.727274188715237413e-01
5.061061061061061794e-01 7.724002056309605679e-01
5.069069069069069844e-01 7.720730823757666617e-01
5.077077077077076783e-01 7.717460480250390997e-01
5.085085085085084833e-01 7.714191032421562344e-01
5.093093093093092882e-01 7.710922484329651994e-01
5.101101101101100932e-01 7.707654824298865170e-01
5.109109109109108982e-01 7.704388059616550377e-01
5.117117117117117031e-01 7.701122189489691960e-01
5.125125125125125081e-01 7.697857211821744761e-01
5.133133133133133130e-01 7.694593126934186067e-01
5.141141141141141180e-01 7.691329935370110338e-01
5.149149149149149229e-01 7.688067636028282914e-01
5.157157157157157279e-01 7.684806226094430537e-01
5.165165165165165329e-01 7.681545706477203028e-01
5.173173173173173378e-01 7.678286082989010941e-01
5.181181181181181428e-01 7.675027348905294478e-01
5.189189189189189477e-01 7.671769509598481696e-01
5.197197197197197527e-01 7.668512559705854548e-01
5.205205205205205576e-01 7.665256495216052901e-01
5.213213213213213626e-01 7.662001330975535263e-01
5.221221221221221676e-01 7.658747051940766326e-01
5.229229229229229725e-01 7.655493656340697228e-01
5.237237237237237775e-01 7.652241164909705518e-01
5.245245245245245824e-01 7.648989553256507756e-01
5.253253253253253874e-01 7.645738836834751195e-01
5.261261261261261923e-01 7.642489011818284217e-01
5.269269269269269973e-01 7.639240070238784153e-01
5.277277277277278023e-01 7.635992019219844940e-01
5.285285285285286072e-01 7.632744851295936162e-01
5.293293293293293011e-01 7.629498579186081431e-01
5.301301301301301061e-01 7.626253194884606845e-01
5.309309309309309111e-01 7.623008692232104977e-01
5.317317317317317160e-01 7.619765076884469357e-01
5.325325325325325210e-01 7.616522361627583448e-01
5.333333333333333259e-01 7.613280516256659691e-01
5.341341341341341309e-01 7.610039556938833494e-01
5.349349349349349358e-01 7.606799535879977814e-01
5.357357357357357408e-01 7.603560314472053161e-01
5.365365365365365458e-01 7.600322073198975126e-01
5.373373373373373507e-01 7.597085334340656360e-01
5.381381381381381557e-01 7.593848153337982021e-01
5.389389389389389606e-01 7.590612510686652881e-01
5.397397397397397656e-01 7.587377774982084766e-01
5.405405405405405705e-01 7.584143899247501874e-01
5.413413413413413755e-01 7.580910951218706728e-01
5.421421421421421805e-01 7.577678907800119434e-01
5.429429429429429854e-01 7.574447709794404071e-01
5.437437437437437904e-01 7.571217372860751249e-01
5.445445445445445953e-01 7.567987928543562504e-01
5.453453453453454003e-01 7.564759385435001482e-01
5.461461461461462052e-01 7.561531737649465068e-01
5.469469469469470102e-01 7.558304971588281074e-01
5.477477477477478152e-01 7.555079071204595653e-01
5.485485485485486201e-01 7.551854048773017913e-01
5.493493493493494251e-01 7.548629970791284061e-01
5.501501501501502300e-01 7.545406812456075807e-01
5.509509509509509240e-01 7.542184376427282233e-01
5.517517517517517289e-01 7.538962857140889540e-01
5.525525525525525339e-01 7.535742430398331138e-01
5.533533533533533388e-01 7.532522606139883115e-01
5.541541541541541438e-01 7.529303865158130105e-01
5.549549549549549488e-01 7.526085911218116653e-01
5.557557557557557537e-01 7.522868862304155080e-01
5.565565565565565587e-01 7.519652766085558326e-01
5.573573573573573636e-01 7.516437347733758711e-01
5.581581581581581686e-01 7.513223090889871170e-01
5.589589589589589735e-01 7.510009649657698461e-01
5.597597597597597785e-01 7.506796794888702662e-01
5.605605605605605835e-01 7.503585042777404235e-01
5.613613613613613884e-01 7.500374345693584521e-01
5.621621621621621934e-01 7.497164435744068101e-01
5.629629629629629983e-01 7.493955302471496660e-01
5.637637637637638033e-01 7.490747035788380970e-01
5.645645645645646082e-01 7.487539522738664299e-01
5.653653653653654132e-01 7.484333179166906547e-01
5.661661661661662182e-01 7.481127542106692507e-01
5.669669669669670231e-01 7.477922777685267475e-01
5.677677677677678281e-01 7.474719002070256968e-01
5.685685685685686330e-01 7.471516331325818161e-01
5.693693693693694380e-01 7.468314549213116438e-01
5.701701701701702429e-01 7.465113199670532218e-01
5.709709709709710479e-01 7.461912634262237720e-01
5.717717717717718529e-01 7.458713479763628973e-01
5.725725725725725468e-01 7.455514989978603291e-01
5.733733733733733517e-01 7.452317392520165784e-01
5.741741741741741567e-01 7.449120445602501750e-01
5.749749749749749617e-01 7.445924920371070899e-01
5.757757757757757666e-01 7.442729533614949045e-01
5.765765765765765716e-01 7.439535989039059993e-01
5.773773773773773765e-01 7.436341982420372476e-01
5.781781781781781815e-01 7.433150660979659374e-01
5.789789789789789864e-01 7.429958364609893229e-01
5.797797797797797914e-01 7.426767937790094143e-01
5.805805805805805964e-01 7.423578784163237243e-01
5.813813813813814013e-01 7.420389605604150729e-01
5.821821821821822063e-01 7.417201649697006127e-01
5.829829829829830112e-01 7.414014706530932530e-01
5.837837837837838162e-01 7.410828281394641337e-01
5.845845845845846211e-01 7.407642698825986916e-01
5.853853853853854261e-01 7.404458265120273941e-01
5.861861861861862311e-01 7.401274904038065428e-01
5.869869869869870360e-01 7.398092413188939176e-01
5.877877877877878410e-01 7.394910661753317793e-01
5.885885885885886459e-01 7.391729626634765404e-01
5.893893893893894509e-01 7.388549414024170314e-01
5.901901901901902558e-01 7.385383128969473798e-01
5.909909909909910608e-01 7.382192394863710261e-01
5.917917917917918658e-01 7.379015465243408123e-01
5.925925925925926707e-01 7.375838882011085396e-01
5.933933933933934757e-01 7.372663235905783097e-01
5.941941941941941696e-01 7.369489435791761744e-01
5.949949949949949746e-01 7.366315032473993440e-01
5.957957957957957795e-01 7.363140627122575221e-01
5.965965965965965845e-01 7.359971192160049691e-01
5.973973973973973894e-01 7.356798491085844161e-01
5.981981981981981944e-01 7.353627716747507259e-01
5.989989989989989994e-01 7.350460326358005947e-01
5.997997997997998043e-01 7.347289215017812625e-01
6.006006006006006093e-01 7.344123994547734346e-01
6.014014014014014142e-01 7.340955490576800413e-01
6.022022022022022192e-01 7.337790457784604259e-01
6.030030030030030241e-01 7.334625270644009598e-01
6.038038038038038291e-01 7.331461713142790604e-01
6.046046046046046341e-01 7.328296689729192348e-01
6.054054054054054390e-01 7.325136012663884255e-01
6.062062062062062440e-01 7.321976257710515190e-01
6.070070070070070489e-01 7.318812862420457366e-01
6.078078078078078539e-01 7.315651115230290547e-01
6.086086086086086588e-01 7.312495820442038719e-01
6.094094094094094638e-01 7.309340345898738267e-01
6.102102102102102688e-01 7.306182375860698075e-01
6.110110110110110737e-01 7.303024082341241785e-01
6.118118118118118787e-01 7.299867527412611246e-01
6.126126126126126836e-01 7.296713050862814187e-01
6.134134134134134886e-01 7.293560169114334801e-01
6.142142142142142935e-01 7.290408445398613990e-01
6.150150150150150985e-01 7.287270279827804398e-01
6.158158158158157924e-01 7.284107404763995319e-01
6.166166166166165974e-01 7.280957069352675948e-01
6.174174174174174023e-01 7.277805829928919445e-01
6.182182182182182073e-01 7.274654164923219923e-01
6.190190190190190123e-01 7.271505403391452793e-01
6.198198198198198172e-01 7.268363321710242797e-01
6.206206206206206222e-01 7.265224219323365151e-01
6.214214214214214271e-01 7.262077474771467811e-01
6.222222222222222321e-01 7.258925931703446022e-01
6.230230230230230370e-01 7.255707516047293915e-01
6.238238238238238420e-01 7.252648749955947771e-01
6.246246246246246470e-01 7.249503346341524823e-01
6.254254254254254519e-01 7.246363898440036921e-01
6.262262262262262569e-01 7.243223472454503042e-01
6.270270270270270618e-01 7.240089285483564119e-01
6.278278278278278668e-01 7.236944318293344613e-01
6.286286286286286717e-01 7.233816603664502409e-01
6.294294294294294767e-01 7.230670771800536967e-01
6.302302302302302817e-01 7.227547599852289784e-01
6.310310310310310866e-01 7.224437992153215360e-01
6.318318318318318916e-01 7.221284523752166118e-01
6.326326326326326965e-01 7.218131000012856235e-01
6.334334334334335015e-01 7.215016184628768592e-01
6.342342342342343064e-01 7.211881928439211054e-01
6.350350350350351114e-01 7.208742022472295341e-01
6.358358358358359164e-01 7.205626140362558774e-01
6.366366366366366103e-01 7.202495518545821707e-01
6.374374374374374153e-01 7.199364607116877091e-01
6.382382382382382202e-01 7.196240677175977929e-01
6.390390390390390252e-01 7.193111741520703539e-01
6.398398398398398301e-01 7.189985889658843110e-01
6.406406406406406351e-01 7.186870721195958156e-01
6.414414414414414400e-01 7.183757370556081989e-01
6.422422422422422450e-01 7.180636218944952409e-01
6.430430430430430500e-01 7.177507788649262199e-01
6.438438438438438549e-01 7.174378075235799956e-01
6.446446446446446599e-01 7.171251609360760337e-01
6.454454454454454648e-01 7.168129618562114613e-01
6.462462462462462698e-01 7.165011508883863955e-01
6.470470470470470747e-01 7.161896529764230079e-01
6.478478478478478797e-01 7.158784435985826589e-01
6.486486486486486847e-01 7.155675065156005266e-01
6.494494494494494896e-01 7.152567242189814545e-01
6.502502502502502946e-01 7.149458014747400725e-01
6.510510510510510995e-01 7.146344423861967776e-01
6.518518518518519045e-01 7.143228821063088985e-01
6.526526526526527094e-01 7.140121213687731228e-01
6.534534534534535144e-01 7.137025832559159566e-01
6.542542542542543194e-01 7.134027976112711222e-01
6.550550550550551243e-01 7.130787188972870227e-01
6.558558558558559293e-01 7.127664511957706450e-01
6.566566566566567342e-01 7.124600398726163020e-01
6.574574574574575392e-01 7.121508257437805245e-01
6.582582582582582331e-01 7.118346045510752784e-01
6.590590590590590381e-01 7.115271221867014440e-01
6.598598598598598430e-01 7.112203332876506634e-01
6.606606606606606480e-01 7.109038886333101104e-01
6.614614614614614529e-01 7.105986217060230592e-01
6.622622622622622579e-01 7.102872487265061707e-01
6.630630630630630629e-01 7.099763253253882356e-01
6.638638638638638678e-01 7.096684750464146152e-01
6.646646646646646728e-01 7.093574086402197887e-01
6.654654654654654777e-01 7.090479704566552410e-01
6.662662662662662827e-01 7.087398484073912375e-01
6.670670670670670876e-01 7.084277064212393116e-01
6.678678678678678926e-01 7.081217913030536382e-01
6.686686686686686976e-01 7.078100964266188511e-01
6.694694694694695025e-01 7.075001167171649508e-01
6.702702702702703075e-01 7.071972032787620099e-01
6.710710710710711124e-01 7.068778986118418040e-01
6.718718718718719174e-01 7.065776116152916453e-01
6.726726726726727223e-01 7.062696718031872267e-01
6.734734734734735273e-01 7.059507264389069947e-01
6.742742742742743323e-01 7.056498613466031244e-01
6.750750750750751372e-01 7.053461734780739345e-01
6.758758758758759422e-01 7.050294696452935606e-01
6.766766766766767471e-01 7.047156998028094588e-01
6.774774774774775521e-01 7.044162043416752894e-01
6.782782782782783570e-01 7.041101689532759389e-01
6.790790790790791620e-01 7.037998607011786145e-01
6.798798798798798559e-01 7.034908885394905997e-01
6.806806806806806609e-01 7.031843059539565344e-01
6.814814814814814659e-01 7.028772087354495657e-01
6.822822822822822708e-01 7.025678549926157590e-01
6.830830830830830758e-01 7.022570303968086458e-01
6.838838838838838807e-01 7.019246481107236368e-01
6.846846846846846857e-01 7.016367890805836893e-01
6.854854854854854906e-01 7.013283313055113100e-01
6.862862862862862956e-01 7.010205021357833743e-01
6.870870870870871006e-01 7.007127997599325031e-01
6.878878878878879055e-01 7.004050001095293299e-01
6.886886886886887105e-01 7.000973154930968390e-01
6.894894894894895154e-01 6.997904537206746101e-01
6.902902902902903204e-01 6.994854586020247122e-01
6.910910910910911253e-01 6.991649448555299351e-01
6.918918918918919303e-01 6.988827722780147633e-01
6.926926926926927353e-01 6.985817751603859982e-01
6.934934934934935402e-01 6.982765081991852973e-01
6.942942942942943452e-01 6.979662778289384972e-01
6.950950950950951501e-01 6.976557892284444007e-01
6.958958958958959551e-01 6.973500278867026392e-01
6.966966966966967600e-01 6.970453524776560883e-01
6.974974974974975650e-01 6.967351056930295439e-01
6.982982982982983700e-01 6.963664581127027020e-01
6.990990990990991749e-01 6.961336026825202250e-01
6.998998998998999799e-01 6.958293270787064833e-01
7.007007007007007848e-01 6.955032378991767850e-01
7.015015015015014788e-01 6.952055755127020120e-01
7.023023023023022837e-01 6.949230634841689902e-01
7.031031031031030887e-01 6.945881122222478110e-01
7.039039039039038936e-01 6.942857346847776112e-01
7.047047047047046986e-01 6.940100000229153521e-01
7.055055055055055035e-01 6.936463312270336745e-01
7.063063063063063085e-01 6.933867748693687272e-01
7.071071071071071135e-01 6.930786358409246617e-01
7.079079079079079184e-01 6.927558137009688366e-01
7.087087087087087234e-01 6.924809435044497752e-01
7.095095095095095283e-01 6.921437450511337408e-01
7.103103103103103333e-01 6.918687138547057192e-01
7.111111111111111382e-01 6.915405490522621434e-01
7.119119119119119432e-01 6.912531899332892138e-01
7.127127127127127482e-01 6.909391942511398099e-01
7.135135135135135531e-01 6.906369098001901019e-01
7.143143143143143581e-01 6.903390061843930336e-01
7.151151151151151630e-01 6.900226267342418618e-01
7.159159159159159680e-01 6.897313941227973810e-01
7.167167167167167730e-01 6.894254182307631984e-01
7.175175175175175779e-01 6.891019379302498749e-01
7.183183183183183829e-01 6.888417063461831358e-01
7.191191191191191878e-01 6.884904926466119957e-01
7.199199199199199928e-01 6.882024921454400479e-01
7.207207207207207977e-01 6.879380899003465499e-01
7.215215215215216027e-01 6.875723277403957834e-01
7.223223223223224077e-01 6.872852443071891804e-01
7.231231231231231016e-01 6.870355820916406175e-01
7.239239239239239065e-01 6.866860630945510469e-01
7.247247247247247115e-01 6.863509977589801192e-01
7.255255255255255165e-01 6.860970098817494867e-01
7.263263263263263214e-01 6.858381699146312016e-01
7.271271271271271264e-01 6.854794211252354108e-01
7.279279279279279313e-01 6.851507319802534468e-01
7.287287287287287363e-01 6.848644245176959133e-01
7.295295295295295412e-01 6.845847897430485940e-01
7.303303303303303462e-01 6.842840357495008075e-01
7.311311311311311512e-01 6.839722077365899544e-01
7.319319319319319561e-01 6.836678376521694300e-01
7.327327327327327611e-01 6.833731402841120017e-01
7.335335335335335660e-01 6.830779047855614072e-01
7.343343343343343710e-01 6.827735769292208046e-01
7.351351351351351759e-01 6.824596063299186444e-01
7.359359359359359809e-01 6.821408995583890800e-01
7.367367367367367859e-01 6.818228662967001918e-01
7.375375375375375908e-01 6.815085449443416543e-01
7.383383383383383958e-01 6.811983620730077682e-01
7.391391391391392007e-01 6.808912225136424246e-01
7.399399399399400057e-01 6.805253466293693654e-01
7.407407407407408106e-01 6.802812560931591479e-01
7.415415415415416156e-01 6.799782125079675277e-01
7.423423423423424206e-01 6.796785803787251945e-01
7.431431431431432255e-01 6.793855127787310488e-01
7.439439439439440305e-01 6.791022292123516380e-01
7.447447447447447244e-01 6.788296789523056152e-01
7.455455455455455294e-01 6.785634974687743126e-01
7.463463463463463343e-01 6.782927710988508885e-01
7.471471471471471393e-01 6.780018717966257435e-01
7.479479479479479442e-01 6.776838792652020160e-01
7.487487487487487492e-01 6.773485897726662097e-01
7.495495495495495542e-01 6.770224357672596227e-01
7.503503503503503591e-01 6.767248352807472278e-01
7.511511511511511641e-01 6.764428790616866527e-01
7.519519519519519690e-01 6.761453761251137173e-01
7.527527527527527740e-01 6.758349598537973790e-01
7.535535535535535789e-01 6.755517824552137451e-01
7.543543543543543839e-01 6.752852087218660371e-01
7.551551551551551889e-01 6.749557591086615682e-01
7.559559559559559938e-01 6.745878111854036741e-01
7.567567567567567988e-01 6.743348844253214125e-01
7.575575575575576037e-01 6.741354768298435385e-01
7.583583583583584087e-01 6.737465397606473561e-01
7.591591591591592136e-01 6.733516482713004514e-01
7.599599599599600186e-01 6.732181005588407929e-01
7.607607607607608236e-01 6.729219711024693185e-01
7.615615615615616285e-01 6.724310851742956174e-01
7.623623623623624335e-01 6.723090211272424455e-01
7.631631631631632384e-01 6.720309483685428242e-01
7.639639639639640434e-01 6.715283760948592695e-01
7.647647647647648483e-01 6.714629262805824617e-01
7.655655655655656533e-01 6.710516266679754649e-01
7.663663663663663472e-01 6.707360197736058627e-01
7.671671671671671522e-01 6.705779367346516029e-01
7.679679679679679571e-01 6.700635059766125723e-01
7.687687687687687621e-01 6.699527220092821311e-01
7.695695695695695671e-01 6.695310343498817041e-01
7.703703703703703720e-01 6.692932437204675011e-01
7.711711711711711770e-01 6.689829933981898957e-01
7.719719719719719819e-01 6.686737445997686935e-01
7.727727727727727869e-01 6.675733525125487899e-01
7.735735735735735918e-01 6.680874583309180936e-01
7.743743743743743968e-01 6.677848196722575569e-01
7.751751751751752018e-01 6.675059305963439993e-01
7.759759759759760067e-01 6.671881274905484549e-01
7.767767767767768117e-01 6.668961701342535076e-01
7.775775775775776166e-01 6.666373422130368320e-01
7.783783783783784216e-01 6.662306531611067451e-01
7.791791791791792265e-01 6.665637151134153893e-01
7.799799799799800315e-01 6.655569464125010715e-01
7.807807807807808365e-01 6.655638818931581824e-01
7.815815815815816414e-01 6.650526686812329169e-01
7.823823823823824464e-01 6.647626674608896336e-01
7.831831831831832513e-01 6.647185272981153137e-01
7.839839839839840563e-01 6.640173794359131021e-01
7.847847847847848612e-01 6.640262045997012974e-01
7.855855855855856662e-01 6.639215607067074920e-01
7.863863863863864712e-01 6.631042578106234320e-01
7.871871871871872761e-01 6.631680301995470650e-01
7.879879879879879701e-01 6.628953065394297406e-01
7.887887887887887750e-01 6.622343376935755366e-01
7.895895895895895800e-01 6.621762930192335306e-01
7.903903903903903849e-01 6.620722869452979609e-01
7.911911911911911899e-01 6.614821079882809984e-01
7.919919919919919948e-01 6.611308837284832762e-01
7.927927927927927998e-01 6.610829908081002904e-01
7.935935935935936048e-01 6.607989542309181674e-01
7.943943943943944097e-01 6.603308850329101531e-01
7.951951951951952147e-01 6.600222314507452337e-01
7.959959959959960196e-01 6.598213490126807468e-01
7.967967967967968246e-01 6.595386088421359982e-01
7.975975975975976295e-01 6.592154208467879695e-01
7.983983983983984345e-01 6.589518668023759407e-01
7.991991991991992395e-01 6.586906203006928084e-01
8.000000000000000444e-01 6.583340774932289197e-01
