0.000000000000000000e+00 1.000000000000000000e+00
5.000000000000000104e-04 9.999999984416461096e-01
1.000000000000000021e-03 9.999999750663628451e-01
1.500000000000000031e-03 9.999998737739992372e-01
2.000000000000000042e-03 9.999996010680622938e-01
2.500000000000000052e-03 9.999990260685385213e-01
3.000000000000000062e-03 9.999979805441939762e-01
3.500000000000000073e-03 9.999962589786743905e-01
4.000000000000000083e-03 9.999936186887892209e-01
4.500000000000000527e-03 9.999897800172861118e-01
5.000000000000000104e-03 9.999844266262705172e-01
5.499999999999999681e-03 9.999772059209923736e-01
6.000000000000000125e-03 9.999677296369888779e-01
6.500000000000000569e-03 9.999555746263292244e-01
7.000000000000000146e-03 9.999402838808192362e-01
7.499999999999999722e-03 9.999213678313095821e-01
8.000000000000000167e-03 9.998983059624554359e-01
8.500000000000000611e-03 9.998705487811982984e-01
9.000000000000001055e-03 9.998375201747123908e-01
9.499999999999999764e-03 9.997986201893221958e-01
1.000000000000000021e-02 9.997532282558733163e-01
1.050000000000000065e-02 9.997007068791335938e-01
1.099999999999999936e-02 9.996404057990897485e-01
1.149999999999999981e-02 9.995716666205245460e-01
1.200000000000000025e-02 9.994938278943649168e-01
1.250000000000000069e-02 9.994062306203235213e-01
1.300000000000000114e-02 9.993082241257366105e-01
1.349999999999999985e-02 9.991991722608906112e-01
1.400000000000000029e-02 9.990784598370526792e-01
1.450000000000000074e-02 9.989454992206057149e-01
1.499999999999999944e-02 9.987997369856616015e-01
1.549999999999999989e-02 9.986406605188805630e-01
1.600000000000000033e-02 9.984678044644283990e-01
1.650000000000000078e-02 9.982807568942645426e-01
1.700000000000000122e-02 9.980791650895999290e-01
1.750000000000000167e-02 9.978627408232623175e-01
1.800000000000000211e-02 9.976312650398095894e-01
1.849999999999999908e-02 9.973845918402874933e-01
1.899999999999999953e-02 9.971226516911119164e-01
1.949999999999999997e-02 9.968454537912772029e-01
2.000000000000000042e-02 9.965530875484219786e-01
2.050000000000000086e-02 9.962457231316989015e-01
2.100000000000000130e-02 9.959236110873566084e-01
2.150000000000000175e-02 9.955870810209740407e-01
2.199999999999999872e-02 9.952365393678450634e-01
2.249999999999999917e-02 9.948724662897461268e-01
2.299999999999999961e-02 9.944954117517751380e-01
2.350000000000000006e-02 9.941059908468552475e-01
2.400000000000000050e-02 9.937048784475553953e-01
2.450000000000000094e-02 9.932928032749247516e-01
2.500000000000000139e-02 9.928705414818688180e-01
2.550000000000000183e-02 9.924389098541765986e-01
2.600000000000000228e-02 9.919987587355781899e-01
2.649999999999999925e-02 9.915509647842010166e-01
2.699999999999999969e-02 9.910964236665554816e-01
2.750000000000000014e-02 9.906360427918873279e-01
2.800000000000000058e-02 9.901707341844794286e-01
2.850000000000000103e-02 9.897014075845622649e-01
2.900000000000000147e-02 9.892289638600572088e-01
2.950000000000000192e-02 9.887542888017819553e-01
2.999999999999999889e-02 9.882782473642157672e-01
3.049999999999999933e-02 9.878016784027966457e-01
3.099999999999999978e-02 9.873253899472800299e-01
3.150000000000000022e-02 9.868501550392388966e-01
3.200000000000000067e-02 9.863767081505814271e-01
3.250000000000000111e-02 9.859057421892664097e-01
3.300000000000000155e-02 9.854379060884291830e-01
3.350000000000000200e-02 9.849738029660534133e-01
3.400000000000000244e-02 9.845139888342864243e-01
3.450000000000000289e-02 9.840589718306000933e-01
3.500000000000000333e-02 9.836092119372874532e-01
3.550000000000000377e-02 9.831651211512744126e-01
3.600000000000000422e-02 9.827270640629219844e-01
3.649999999999999772e-02 9.822953588002997227e-01
3.699999999999999817e-02 9.818702782943041774e-01
3.749999999999999861e-02 9.814520518198219801e-01
3.799999999999999906e-02 9.810408667688470530e-01
3.849999999999999950e-02 9.806368706128720802e-01
3.899999999999999994e-02 9.802401730139101987e-01
3.950000000000000039e-02 9.798508480460158543e-01
4.000000000000000083e-02 9.794689364920379226e-01
4.050000000000000128e-02 9.790944481834868984e-01
4.100000000000000172e-02 9.787273643546422486e-01
4.150000000000000216e-02 9.783676399853860062e-01
4.200000000000000261e-02 9.780152061105538142e-01
4.250000000000000305e-02 9.776699720768138313e-01
4.300000000000000350e-02 9.773318277311974223e-01
4.350000000000000394e-02 9.770006455282975733e-01
4.399999999999999745e-02 9.766762825458676911e-01
4.449999999999999789e-02 9.763585824010250214e-01
4.499999999999999833e-02 9.760473770614966904e-01
4.549999999999999878e-02 9.757424885483364507e-01
4.599999999999999922e-02 9.754437305282933623e-01
4.649999999999999967e-02 9.751509097955198824e-01
4.700000000000000011e-02 9.748638276436007999e-01
4.750000000000000056e-02 9.745822811299672539e-01
4.800000000000000100e-02 9.743060642356373702e-01
4.850000000000000144e-02 9.740349689239450326e-01
4.900000000000000189e-02 9.737687861024588720e-01
4.950000000000000233e-02 9.735073064927093345e-01
5.000000000000000278e-02 9.732503214126239088e-01
5.050000000000000322e-02 9.729976234767443444e-01
5.100000000000000366e-02 9.727490072193903936e-01
5.150000000000000411e-02 9.725042696459362812e-01
5.200000000000000455e-02 9.722632107173118099e-01
5.249999999999999806e-02 9.720256337727252172e-01
5.299999999999999850e-02 9.717913458954620110e-01
5.349999999999999895e-02 9.715601582264147273e-01
5.399999999999999939e-02 9.713318862298069289e-01
5.449999999999999983e-02 9.711063499153321787e-01
5.500000000000000028e-02 9.708833740207033491e-01
5.550000000000000072e-02 9.706627881583531625e-01
5.600000000000000117e-02 9.704444269297991532e-01
5.650000000000000161e-02 9.702281300109205642e-01
5.700000000000000205e-02 9.700137422111744234e-01
5.750000000000000250e-02 9.698011135095374602e-01
5.800000000000000294e-02 9.695900990697406963e-01
5.850000000000000339e-02 9.693805592371487201e-01
5.900000000000000383e-02 9.691723595194310370e-01
5.950000000000000427e-02 9.689653705529908123e-01
5.999999999999999778e-02 9.687594680569254768e-01
6.049999999999999822e-02 9.685545327761327927e-01
6.099999999999999867e-02 9.683504504150222125e-01
6.149999999999999911e-02 9.681471115631362645e-01
6.199999999999999956e-02 9.679444116138676835e-01
6.250000000000000000e-02 9.677422506773233346e-01
6.300000000000000044e-02 9.675405334882872799e-01
6.350000000000000089e-02 9.673391693101072164e-01
6.400000000000000133e-02 9.671380718352731165e-01
6.450000000000000178e-02 9.669371590833338859e-01
6.500000000000000222e-02 9.667363532967488959e-01
6.550000000000000266e-02 9.665355808351845379e-01
6.600000000000000311e-02 9.663347720687157638e-01
6.650000000000000355e-02 9.661338612703256334e-01
6.700000000000000400e-02 9.659327865080551412e-01
6.750000000000000444e-02 9.657314895371070795e-01
6.800000000000000488e-02 9.655299156921643977e-01
6.850000000000000533e-02 9.653280137801547589e-01
6.900000000000000577e-02 9.651257359736586938e-01
6.950000000000000622e-02 9.649230377051273289e-01
7.000000000000000666e-02 9.647198775620623445e-01
7.050000000000000711e-02 9.645162171832744047e-01
7.100000000000000755e-02 9.643120211563331878e-01
7.150000000000000799e-02 9.641072569162925099e-01
7.200000000000000844e-02 9.639018946457730275e-01
7.249999999999999500e-02 9.636959071764606977e-01
7.299999999999999545e-02 9.634892698920759502e-01
7.349999999999999589e-02 9.632819606328618667e-01
7.399999999999999634e-02 9.630739596016222315e-01
7.449999999999999678e-02 9.628652492713447586e-01
7.499999999999999722e-02 9.626558142944325880e-01
7.549999999999999767e-02 9.624456414135655891e-01
7.599999999999999811e-02 9.622347193742071259e-01
7.649999999999999856e-02 9.620230388387706055e-01
7.699999999999999900e-02 9.618105923024580228e-01
7.749999999999999944e-02 9.615973740107759404e-01
7.799999999999999989e-02 9.613833798787410068e-01
7.850000000000000033e-02 9.611686074117719025e-01
7.900000000000000078e-02 9.609530556282850355e-01
7.950000000000000122e-02 9.607367249839826595e-01
8.000000000000000167e-02 9.605196172978464064e-01
8.050000000000000211e-02 9.603017356798327908e-01
8.100000000000000255e-02 9.600830844602737946e-01
8.150000000000000300e-02 9.598636691209790905e-01
8.200000000000000344e-02 9.596434962280460113e-01
8.250000000000000389e-02 9.594225733663673816e-01
8.300000000000000433e-02 9.592009090758460976e-01
8.350000000000000477e-02 9.589785127893047934e-01
8.400000000000000522e-02 9.587553947720935943e-01
8.450000000000000566e-02 9.585315660633912938e-01
8.500000000000000611e-02 9.583070384191942903e-01
8.550000000000000655e-02 9.580818242569911769e-01
8.600000000000000699e-02 9.578559366021143218e-01
8.650000000000000744e-02 9.576293890357652216e-01
8.700000000000000788e-02 9.574021956447023030e-01
8.750000000000000833e-02 9.571743709725879512e-01
8.799999999999999489e-02 9.569459299729817792e-01
8.849999999999999534e-02 9.567168879639703638e-01
8.899999999999999578e-02 9.564872605844252362e-01
8.949999999999999623e-02 9.562570637518735817e-01
8.999999999999999667e-02 9.560263136219697699e-01
9.049999999999999711e-02 9.557950265495533948e-01
9.099999999999999756e-02 9.555632190512803881e-01
9.149999999999999800e-02 9.553309077698051155e-01
9.199999999999999845e-02 9.550981094395030180e-01
9.249999999999999889e-02 9.548648408537104837e-01
9.299999999999999933e-02 9.546311188334622999e-01
9.349999999999999978e-02 9.543969601977101425e-01
9.400000000000000022e-02 9.541623817349939030e-01
9.450000000000000067e-02 9.539274001765473132e-01
9.500000000000000111e-02 9.536920321708154402e-01
9.550000000000000155e-02 9.534562942593532986e-01
9.600000000000000200e-02 9.532202028540868177e-01
9.650000000000000244e-02 9.529837742159039671e-01
9.700000000000000289e-02 9.527470244345519479e-01
9.750000000000000333e-02 9.525099694098129177e-01
9.800000000000000377e-02 9.522726248339249411e-01
9.850000000000000422e-02 9.520350061752241855e-01
9.900000000000000466e-02 9.517971286629752781e-01
9.950000000000000511e-02 9.515590072733570715e-01
1.000000000000000056e-01 9.513206567165779504e-01
1.005000000000000060e-01 9.510820914250853741e-01
1.010000000000000064e-01 9.508433255428354602e-01
1.015000000000000069e-01 9.506043729155976285e-01
1.020000000000000073e-01 9.503652470822518961e-01
1.025000000000000078e-01 9.501259612670550636e-01
1.030000000000000082e-01 9.498865283728358255e-01
1.035000000000000087e-01 9.496469609750900487e-01
1.040000000000000091e-01 9.494072713169408040e-01
1.044999999999999957e-01 9.491674713049305101e-01
1.049999999999999961e-01 9.489275725056125488e-01
1.054999999999999966e-01 9.486875861429078238e-01
1.059999999999999970e-01 9.484475230961957326e-01
1.064999999999999974e-01 9.482073938991057993e-01
1.069999999999999979e-01 9.479672087389774404e-01
1.074999999999999983e-01 9.477269774569547778e-01
1.079999999999999988e-01 9.474867095486888546e-01
1.084999999999999992e-01 9.472464141656091741e-01
1.089999999999999997e-01 9.470061001167439096e-01
1.095000000000000001e-01 9.467657758710461557e-01
1.100000000000000006e-01 9.465254495602072327e-01
1.105000000000000010e-01 9.462851289819200762e-01
1.110000000000000014e-01 9.460448216035713953e-01
1.115000000000000019e-01 9.458045345663254055e-01
1.120000000000000023e-01 9.455642746895804862e-01
1.125000000000000028e-01 9.453240484757682305e-01
1.130000000000000032e-01 9.450838621154654673e-01
1.135000000000000037e-01 9.448437214928013805e-01
1.140000000000000041e-01 9.446036321911288614e-01
1.145000000000000046e-01 9.443635994989373339e-01
1.150000000000000050e-01 9.441236284159877368e-01
1.155000000000000054e-01 9.438837236596410163e-01
1.160000000000000059e-01 9.436438896713638114e-01
1.165000000000000063e-01 9.434041306233879043e-01
1.170000000000000068e-01 9.431644504255015660e-01
1.175000000000000072e-01 9.429248527319598061e-01
1.180000000000000077e-01 9.426853409484861057e-01
1.185000000000000081e-01 9.424459182393536416e-01
1.190000000000000085e-01 9.422065875345303487e-01
1.195000000000000090e-01 9.419673515368647276e-01
1.199999999999999956e-01 9.417282127293029603e-01
1.204999999999999960e-01 9.414891733821184605e-01
1.209999999999999964e-01 9.412502355601461979e-01
1.214999999999999969e-01 9.410114011299988146e-01
1.219999999999999973e-01 9.407726717672589833e-01
1.224999999999999978e-01 9.405340489636353496e-01
1.229999999999999982e-01 9.402955340340678481e-01
1.234999999999999987e-01 9.400571281237763976e-01
1.239999999999999991e-01 9.398188322152354335e-01
1.244999999999999996e-01 9.395806471350761635e-01
1.250000000000000000e-01 9.393425735608974536e-01
1.255000000000000004e-01 9.391046120279828990e-01
1.260000000000000009e-01 9.388667629359173095e-01
1.265000000000000013e-01 9.386290265550902845e-01
1.270000000000000018e-01 9.383914030330896550e-01
1.275000000000000022e-01 9.381538924009710234e-01
1.280000000000000027e-01 9.379164945793991848e-01
1.285000000000000031e-01 9.376792093846645360e-01
1.290000000000000036e-01 9.374420365345594863e-01
1.295000000000000040e-01 9.372049756541205312e-01
1.300000000000000044e-01 9.369680262812264404e-01
1.305000000000000049e-01 9.367311878720514517e-01
1.310000000000000053e-01 9.364944598063763559e-01
1.315000000000000058e-01 9.362578413927457044e-01
1.320000000000000062e-01 9.360213318734791343e-01
1.325000000000000067e-01 9.357849304295288162e-01
1.330000000000000071e-01 9.355486361851885757e-01
1.335000000000000075e-01 9.353124482126459194e-01
1.340000000000000080e-01 9.350763655363860671e-01
1.345000000000000084e-01 9.348403871374417751e-01
1.350000000000000089e-01 9.346045119574898363e-01
1.355000000000000093e-01 9.343687389027993673e-01
1.360000000000000098e-01 9.341330668480284372e-01
1.365000000000000102e-01 9.338974946398704846e-01
1.370000000000000107e-01 9.336620211005554060e-01
1.375000000000000111e-01 9.334266450312025398e-01
1.380000000000000115e-01 9.331913652150300997e-01
1.385000000000000120e-01 9.329561804204243858e-01
1.390000000000000124e-01 9.327210894038642230e-01
1.395000000000000129e-01 9.324860909127117292e-01
1.400000000000000133e-01 9.322511836878655256e-01
1.405000000000000138e-01 9.320163664662820535e-01
1.410000000000000142e-01 9.317816379833661067e-01
1.415000000000000147e-01 9.315469969752321333e-01
1.420000000000000151e-01 9.313124421808445241e-01
1.425000000000000155e-01 9.310779723440317790e-01
1.430000000000000160e-01 9.308435862153866536e-01
1.435000000000000164e-01 9.306092825540451807e-01
1.440000000000000169e-01 9.303750601293570011e-01
1.444999999999999896e-01 9.301409177224443381e-01
1.449999999999999900e-01 9.299068541276557243e-01
1.454999999999999905e-01 9.296728681539149219e-01
1.459999999999999909e-01 9.294389586259695912e-01
1.464999999999999913e-01 9.292051243855469211e-01
1.469999999999999918e-01 9.289713642924092296e-01
1.474999999999999922e-01 9.287376772253258528e-01
1.479999999999999927e-01 9.285040620829549951e-01
1.484999999999999931e-01 9.282705177846378719e-01
1.489999999999999936e-01 9.280370432711183559e-01
1.494999999999999940e-01 9.278036375051824658e-01
1.499999999999999944e-01 9.275702994722211381e-01
1.504999999999999949e-01 9.273370281807240545e-01
1.509999999999999953e-01 9.271038226627057455e-01
1.514999999999999958e-01 9.268706819740615277e-01
1.519999999999999962e-01 9.266376051948674863e-01
1.524999999999999967e-01 9.264045914296155093e-01
1.529999999999999971e-01 9.261716398073948087e-01
1.534999999999999976e-01 9.259387494820179310e-01
1.539999999999999980e-01 9.257059196320964745e-01
1.544999999999999984e-01 9.254731494610670683e-01
1.549999999999999989e-01 9.252404381971726099e-01
1.554999999999999993e-01 9.250077850934012025e-01
1.559999999999999998e-01 9.247751894273809059e-01
1.565000000000000002e-01 9.245426505012400709e-01
1.570000000000000007e-01 9.243101676414297030e-01
1.575000000000000011e-01 9.240777401985110773e-01
1.580000000000000016e-01 9.238453675469149307e-01
1.585000000000000020e-01 9.236130490846683472e-01
1.590000000000000024e-01 9.233807842330978843e-01
1.595000000000000029e-01 9.231485724365033896e-01
1.600000000000000033e-01 9.229164131618122768e-01
1.605000000000000038e-01 9.226843058982124868e-01
1.610000000000000042e-01 9.224522501567619104e-01
1.615000000000000047e-01 9.222202454699856000e-01
1.620000000000000051e-01 9.219882913914555500e-01
1.625000000000000056e-01 9.217563874953521585e-01
1.630000000000000060e-01 9.215245333760202495e-01
1.635000000000000064e-01 9.212927286475069977e-01
1.640000000000000069e-01 9.210609729430943027e-01
1.645000000000000073e-01 9.208292659148236137e-01
1.650000000000000078e-01 9.205976072330084303e-01
1.655000000000000082e-01 9.203659965857469150e-01
1.660000000000000087e-01 9.201344336784275102e-01
1.665000000000000091e-01 9.199029182332301158e-01
1.670000000000000095e-01 9.196714499886272653e-01
1.675000000000000100e-01 9.194400286988835269e-01
1.680000000000000104e-01 9.192086541335512395e-01
1.685000000000000109e-01 9.189773260769726893e-01
1.690000000000000113e-01 9.187460443277789546e-01
1.695000000000000118e-01 9.185148086983935256e-01
1.700000000000000122e-01 9.182836190145384769e-01
1.705000000000000127e-01 9.180524751147433049e-01
1.710000000000000131e-01 9.178213768498603153e-01
1.715000000000000135e-01 9.175903240825835638e-01
1.720000000000000140e-01 9.173593166869740134e-01
1.725000000000000144e-01 9.171283545479903543e-01
1.730000000000000149e-01 9.168974375610279282e-01
1.735000000000000153e-01 9.166665656314619826e-01
1.740000000000000158e-01 9.164357386742043587e-01
1.745000000000000162e-01 9.162049566132587364e-01
1.750000000000000167e-01 9.159742193812943079e-01
1.755000000000000171e-01 9.157435269192221172e-01
1.759999999999999898e-01 9.155128791757790596e-01
1.764999999999999902e-01 9.152822761071286450e-01
1.769999999999999907e-01 9.150517176764617622e-01
1.774999999999999911e-01 9.148212038536125412e-01
1.779999999999999916e-01 9.145907346146846528e-01
1.784999999999999920e-01 9.143603099416821589e-01
1.789999999999999925e-01 9.141299298221584602e-01
1.794999999999999929e-01 9.138995942488645774e-01
1.799999999999999933e-01 9.136693032194186381e-01
1.804999999999999938e-01 9.134390567359781388e-01
1.809999999999999942e-01 9.132088548049240861e-01
1.814999999999999947e-01 9.129786974365574626e-01
1.819999999999999951e-01 9.127485846448037954e-01
1.824999999999999956e-01 9.125185164469262755e-01
1.829999999999999960e-01 9.122884928632543078e-01
1.834999999999999964e-01 9.120585139169156141e-01
1.839999999999999969e-01 9.118285796335825477e-01
1.844999999999999973e-01 9.115986900412268445e-01
1.849999999999999978e-01 9.113688451698844784e-01
1.854999999999999982e-01 9.111390450514287309e-01
1.859999999999999987e-01 9.109092897193548088e-01
1.864999999999999991e-01 9.106795792085718988e-01
1.869999999999999996e-01 9.104499135552062139e-01
1.875000000000000000e-01 9.102202927964097023e-01
1.880000000000000004e-01 9.099907169701831888e-01
1.885000000000000009e-01 9.097611861152022916e-01
1.890000000000000013e-01 9.095317002706555520e-01
1.895000000000000018e-01 9.093022594760893362e-01
1.900000000000000022e-01 9.090728637712610638e-01
1.905000000000000027e-01 9.088435131960016511e-01
1.910000000000000031e-01 9.086142077900831726e-01
1.915000000000000036e-01 9.083849475930957373e-01
1.920000000000000040e-01 9.081557326443326916e-01
1.925000000000000044e-01 9.079265629826795969e-01
1.930000000000000049e-01 9.076974386465139766e-01
1.935000000000000053e-01 9.074683596736088376e-01
1.940000000000000058e-01 9.072393261010447407e-01
1.945000000000000062e-01 9.070103379651265341e-01
1.950000000000000067e-01 9.067813953013077466e-01
1.955000000000000071e-01 9.065524981441186458e-01
1.960000000000000075e-01 9.063236465271029552e-01
1.965000000000000080e-01 9.060948404827584568e-01
1.970000000000000084e-01 9.058660800424812587e-01
1.975000000000000089e-01 9.056373652365188320e-01
1.980000000000000093e-01 9.054086960939241591e-01
1.985000000000000098e-01 9.051800726425182075e-01
1.990000000000000102e-01 9.049514949088528493e-01
1.995000000000000107e-01 9.047229629181824384e-01
2.000000000000000111e-01 9.044944766944355008e-01
2.005000000000000115e-01 9.042660362601937507e-01
2.010000000000000120e-01 9.040376416366711076e-01
2.015000000000000124e-01 9.038092928437012619e-01
2.020000000000000129e-01 9.035809898997236855e-01
2.025000000000000133e-01 9.033527328217756391e-01
2.030000000000000138e-01 9.031245216254877306e-01
2.035000000000000142e-01 9.028963563250789193e-01
2.040000000000000147e-01 9.026682369333590694e-01
2.045000000000000151e-01 9.024401634617300605e-01
2.050000000000000155e-01 9.022121359201917823e-01
2.055000000000000160e-01 9.019841543173487963e-01
2.060000000000000164e-01 9.017562186604207719e-01
2.065000000000000169e-01 9.015283289552532553e-01
2.070000000000000173e-01 9.013004852063318806e-01
2.075000000000000178e-01 9.010726874167969136e-01
2.080000000000000182e-01 9.008449355884603493e-01
2.084999999999999909e-01 9.006172297218243417e-01
2.089999999999999913e-01 9.003895698161005212e-01
2.094999999999999918e-01 9.001619558692312006e-01
2.099999999999999922e-01 8.999343878779119121e-01
2.104999999999999927e-01 8.997068658376135009e-01
2.109999999999999931e-01 8.994793897426074381e-01
2.114999999999999936e-01 8.992519595859900239e-01
2.119999999999999940e-01 8.990245753597084777e-01
2.124999999999999944e-01 8.987972370545870282e-01
2.129999999999999949e-01 8.985699446603537810e-01
2.134999999999999953e-01 8.983426981656693622e-01
2.139999999999999958e-01 8.981154975581532307e-01
2.144999999999999962e-01 8.978883428244130993e-01
2.149999999999999967e-01 8.976612339500736892e-01
2.154999999999999971e-01 8.974341709198033756e-01
2.159999999999999976e-01 8.972071537173461619e-01
2.164999999999999980e-01 8.969801823255485473e-01
2.169999999999999984e-01 8.967532567263895027e-01
2.174999999999999989e-01 8.965263769010085593e-01
2.179999999999999993e-01 8.962995428297362288e-01
2.184999999999999998e-01 8.960727544921215371e-01
2.190000000000000002e-01 8.958460118669614447e-01
2.195000000000000007e-01 8.956193149323289360e-01
2.200000000000000011e-01 8.953926636656009963e-01
2.205000000000000016e-01 8.951660580434878112e-01
2.210000000000000020e-01 8.949394980420583012e-01
2.215000000000000024e-01 8.947129836367690991e-01
2.220000000000000029e-01 8.944865148024909729e-01
2.225000000000000033e-01 8.942600915135351380e-01
2.230000000000000038e-01 8.940337137436792370e-01
2.235000000000000042e-01 8.938073814661927630e-01
2.240000000000000047e-01 8.935810946538628174e-01
2.245000000000000051e-01 8.933548532790189789e-01
2.250000000000000056e-01 8.931286573135556184e-01
2.255000000000000060e-01 8.929025067289578788e-01
2.260000000000000064e-01 8.926764014963229910e-01
2.265000000000000069e-01 8.924503415863833666e-01
2.270000000000000073e-01 8.922243269695290246e-01
2.275000000000000078e-01 8.919983576158284633e-01
2.280000000000000082e-01 8.917724334950499765e-01
2.285000000000000087e-01 8.915465545766805278e-01
2.290000000000000091e-01 8.913207208299475104e-01
2.295000000000000095e-01 8.910949322238361781e-01
2.300000000000000100e-01 8.908691887271089627e-01
2.305000000000000104e-01 8.906434903083244592e-01
2.310000000000000109e-01 8.904178369358513034e-01
2.315000000000000113e-01 8.901922285778890442e-01
2.320000000000000118e-01 8.899666652024816882e-01
2.325000000000000122e-01 8.897411467775347971e-01
2.330000000000000127e-01 8.895156732708291436e-01
2.335000000000000131e-01 8.892902446500366986e-01
2.340000000000000135e-01 8.890648608827333987e-01
2.345000000000000140e-01 8.888395219364133570e-01
2.350000000000000144e-01 8.886142277785010757e-01
2.355000000000000149e-01 8.883889783763643244e-01
2.360000000000000153e-01 8.881637736973250208e-01
2.365000000000000158e-01 8.879386137086722197e-01
2.370000000000000162e-01 8.877134983776705512e-01
2.375000000000000167e-01 8.874884276715724329e-01
2.380000000000000171e-01 8.872634015576268407e-01
2.385000000000000175e-01 8.870384200030893007e-01
2.390000000000000180e-01 8.868134829752295500e-01
2.395000000000000184e-01 8.865885904413409735e-01
2.399999999999999911e-01 8.863637423687485972e-01
2.404999999999999916e-01 8.861389387248148619e-01
2.409999999999999920e-01 8.859141794769496148e-01
2.414999999999999925e-01 8.856894645926135512e-01
2.419999999999999929e-01 8.854647940393273187e-01
2.424999999999999933e-01 8.852401677846754025e-01
2.429999999999999938e-01 8.850155857963122319e-01
2.434999999999999942e-01 8.847910480419676205e-01
2.439999999999999947e-01 8.845665544894509846e-01
2.444999999999999951e-01 8.843421051066558958e-01
2.449999999999999956e-01 8.841176998615650762e-01
2.454999999999999960e-01 8.838933387222523974e-01
2.459999999999999964e-01 8.836690216568878764e-01
2.464999999999999969e-01 8.834447486337400068e-01
2.469999999999999973e-01 8.832205196211795339e-01
2.474999999999999978e-01 8.829963345876804537e-01
2.479999999999999982e-01 8.827721935018238986e-01
2.484999999999999987e-01 8.825480963323001360e-01
2.489999999999999991e-01 8.823240430479089014e-01
2.494999999999999996e-01 8.821000336175630618e-01
2.500000000000000000e-01 8.818760680102885052e-01
2.505000000000000004e-01 8.816521461952258054e-01
2.510000000000000009e-01 8.814282681416312215e-01
2.515000000000000013e-01 8.812044338188784742e-01
2.520000000000000018e-01 8.809806431964561924e-01
2.525000000000000022e-01 8.807568962439732418e-01
2.530000000000000027e-01 8.805331929311545069e-01
2.535000000000000031e-01 8.803095332278436658e-01
2.540000000000000036e-01 8.800859171040014139e-01
2.545000000000000040e-01 8.798623445297071299e-01
2.550000000000000044e-01 8.796388154751580979e-01
2.555000000000000049e-01 8.794153299106670651e-01
2.560000000000000053e-01 8.791918878066649068e-01
2.565000000000000058e-01 8.789684891336975170e-01
2.570000000000000062e-01 8.787451338624262531e-01
2.575000000000000067e-01 8.785218219636269366e-01
2.580000000000000071e-01 8.782985534081886314e-01
2.585000000000000075e-01 8.780753281671136445e-01
2.590000000000000080e-01 8.778521462115145280e-01
2.595000000000000084e-01 8.776290075126150780e-01
2.600000000000000089e-01 8.774059120417480040e-01
2.605000000000000093e-01 8.771828597703539288e-01
2.610000000000000098e-01 8.769598506699796125e-01
2.615000000000000102e-01 8.767368847122779529e-01
2.620000000000000107e-01 8.765139618690050982e-01
2.625000000000000111e-01 8.762910821120196703e-01
2.630000000000000115e-01 8.760682454132824315e-01
2.635000000000000120e-01 8.758454517448521770e-01
2.640000000000000124e-01 8.756227010788870668e-01
2.645000000000000129e-01 8.753999933876416284e-01
2.650000000000000133e-01 8.751773286434646471e-01
2.655000000000000138e-01 8.749547068187999432e-01
2.660000000000000142e-01 8.747321278861820426e-01
2.665000000000000147e-01 8.745095918182375083e-01
2.670000000000000151e-01 8.742870985876802781e-01
2.675000000000000155e-01 8.740646481673125523e-01
2.680000000000000160e-01 8.738422405300231288e-01
2.685000000000000164e-01 8.736198756487835171e-01
2.690000000000000169e-01 8.733975534966499366e-01
2.695000000000000173e-01 8.731752740467589868e-01
2.700000000000000178e-01 8.729530372723273146e-01
2.705000000000000182e-01 8.727308431466501704e-01
2.710000000000000187e-01 8.725086916430997430e-01
2.715000000000000191e-01 8.722865827351242718e-01
2.720000000000000195e-01 8.720645163962442714e-01
2.725000000000000200e-01 8.718424926000556408e-01
2.730000000000000204e-01 8.716205113202235566e-01
2.735000000000000209e-01 8.713985725304850272e-01
2.740000000000000213e-01 8.711766762046432300e-01
2.745000000000000218e-01 8.709548223165718417e-01
2.750000000000000222e-01 8.707330108402087099e-01
2.755000000000000226e-01 8.705112417495559640e-01
2.760000000000000231e-01 8.702895150186823470e-01
2.765000000000000235e-01 8.700678306217155544e-01
2.770000000000000240e-01 8.698461885328473420e-01
2.775000000000000244e-01 8.696245887263283070e-01
2.780000000000000249e-01 8.694030311764693320e-01
2.785000000000000253e-01 8.691815158576373657e-01
2.790000000000000258e-01 8.689600427442591979e-01
2.795000000000000262e-01 8.687386118108149091e-01
2.800000000000000266e-01 8.685172230318417563e-01
2.805000000000000271e-01 8.682958763819300652e-01
2.810000000000000275e-01 8.680745718357235630e-01
2.815000000000000280e-01 8.678533093679187127e-01
2.820000000000000284e-01 8.676320889532627145e-01
2.825000000000000289e-01 8.674109105665546160e-01
2.830000000000000293e-01 8.671897741826423145e-01
2.835000000000000298e-01 8.669686797764234454e-01
2.840000000000000302e-01 8.667476273228438277e-01
2.845000000000000306e-01 8.665266167968973532e-01
2.850000000000000311e-01 8.663056481736242098e-01
2.855000000000000315e-01 8.660847214281118811e-01
2.860000000000000320e-01 8.658638365354928146e-01
2.865000000000000324e-01 8.656429934709456431e-01
2.870000000000000329e-01 8.654221922096928532e-01
2.875000000000000333e-01 8.652014327270013405e-01
2.880000000000000338e-01 8.649807149981814103e-01
2.884999999999999787e-01 8.647600389985866665e-01
2.889999999999999791e-01 8.645394047036134566e-01
2.894999999999999796e-01 8.643188120887003167e-01
2.899999999999999800e-01 8.640982611293274163e-01
2.904999999999999805e-01 8.638777518010165579e-01
2.909999999999999809e-01 8.636572840793304007e-01
2.914999999999999813e-01 8.634368579398721266e-01
2.919999999999999818e-01 8.632164733582863292e-01
2.924999999999999822e-01 8.629961303102561265e-01
2.929999999999999827e-01 8.627758287715059371e-01
2.934999999999999831e-01 8.625555687177985931e-01
2.939999999999999836e-01 8.623353501249367836e-01
2.944999999999999840e-01 8.621151729687620557e-01
2.949999999999999845e-01 8.618950372251551473e-01
2.954999999999999849e-01 8.616749428700347657e-01
2.959999999999999853e-01 8.614548898793590315e-01
2.964999999999999858e-01 8.612348782291232574e-01
2.969999999999999862e-01 8.610149078953616142e-01
2.974999999999999867e-01 8.607949788541464642e-01
2.979999999999999871e-01 8.605750910815875843e-01
2.984999999999999876e-01 8.603552445538328319e-01
2.989999999999999880e-01 8.601354392470677013e-01
2.994999999999999885e-01 8.599156751375153229e-01
2.999999999999999889e-01 8.596959522014361310e-01
3.004999999999999893e-01 8.594762704151284183e-01
3.009999999999999898e-01 8.592566297549277810e-01
3.014999999999999902e-01 8.590370301972072298e-01
3.019999999999999907e-01 8.588174717183771900e-01
3.024999999999999911e-01 8.585979542948853904e-01
3.029999999999999916e-01 8.583784779032166412e-01
3.034999999999999920e-01 8.581590425198936112e-01
3.039999999999999925e-01 8.579396481214759396e-01
3.044999999999999929e-01 8.577202946845604581e-01
3.049999999999999933e-01 8.575009821857820791e-01
3.054999999999999938e-01 8.572817106018124633e-01
3.059999999999999942e-01 8.570624799093603530e-01
3.064999999999999947e-01 8.568432900851734590e-01
3.069999999999999951e-01 8.566241411060352418e-01
3.074999999999999956e-01 8.564050329487677971e-01
3.079999999999999960e-01 8.561859655902300803e-01
3.084999999999999964e-01 8.559669390073199047e-01
3.089999999999999969e-01 8.557479531769709435e-01
3.094999999999999973e-01 8.555290080761563942e-01
3.099999999999999978e-01 8.553101036818863134e-01
3.104999999999999982e-01 8.550912399712089496e-01
3.109999999999999987e-01 8.548724169212106316e-01
3.114999999999999991e-01 8.546536345090152142e-01
3.119999999999999996e-01 8.544348927117855208e-01
3.125000000000000000e-01 8.542161915067213451e-01
3.130000000000000004e-01 8.539975308710620050e-01
3.135000000000000009e-01 8.537789107820847878e-01
3.140000000000000013e-01 8.535603312171048396e-01
3.145000000000000018e-01 8.533417921534766082e-01
3.150000000000000022e-01 8.531232935685926222e-01
3.155000000000000027e-01 8.529048354398841569e-01
3.160000000000000031e-01 8.526864177448216786e-01
3.165000000000000036e-01 8.524680404609139561e-01
3.170000000000000040e-01 8.522497035657089492e-01
3.175000000000000044e-01 8.520314070367939197e-01
3.180000000000000049e-01 8.518131508517940986e-01
3.185000000000000053e-01 8.515949349883756847e-01
3.190000000000000058e-01 8.513767594242425130e-01
3.195000000000000062e-01 8.511586241371387196e-01
3.200000000000000067e-01 8.509405291048477427e-01
3.205000000000000071e-01 8.507224743051921001e-01
3.210000000000000075e-01 8.505044597160342779e-01
3.215000000000000080e-01 8.502864853152765079e-01
3.220000000000000084e-01 8.500685510808603240e-01
3.225000000000000089e-01 8.498506569907677832e-01
3.230000000000000093e-01 8.496328030230202444e-01
3.235000000000000098e-01 8.494149891556793674e-01
3.240000000000000102e-01 8.491972153668467804e-01
3.245000000000000107e-01 8.489794816346641904e-01
3.250000000000000111e-01 8.487617879373134944e-01
3.255000000000000115e-01 8.485441342530171127e-01
3.260000000000000120e-01 8.483265205600376557e-01
3.265000000000000124e-01 8.481089468366779238e-01
3.270000000000000129e-01 8.478914130612813516e-01
3.275000000000000133e-01 8.476739192122323407e-01
3.280000000000000138e-01 8.474564652679551502e-01
3.285000000000000142e-01 8.472390512069151169e-01
3.290000000000000147e-01 8.470216770076185453e-01
3.295000000000000151e-01 8.468043426486118186e-01
3.300000000000000155e-01 8.465870481084829535e-01
3.305000000000000160e-01 8.463697933658599348e-01
3.310000000000000164e-01 8.461525783994127137e-01
3.315000000000000169e-01 8.459354031878516533e-01
3.320000000000000173e-01 8.457182677099281953e-01
3.325000000000000178e-01 8.455011719444351925e-01
3.330000000000000182e-01 8.452841158702060209e-01
3.335000000000000187e-01 8.450670994661156898e-01
3.340000000000000191e-01 8.448501227110807310e-01
3.345000000000000195e-01 8.446331855840585323e-01
3.350000000000000200e-01 8.444162880640478930e-01
3.355000000000000204e-01 8.441994301300885795e-01
3.360000000000000209e-01 8.439826117612627687e-01
3.365000000000000213e-01 8.437658329366928278e-01
3.370000000000000218e-01 8.435490936355439784e-01
3.375000000000000222e-01 8.433323938370212991e-01
3.380000000000000226e-01 8.431157335203729453e-01
3.385000000000000231e-01 8.428991126648877064e-01
3.390000000000000235e-01 8.426825312498965603e-01
3.395000000000000240e-01 8.424659892547716744e-01
3.400000000000000244e-01 8.422494866589269602e-01
3.405000000000000249e-01 8.420330234418181847e-01
3.410000000000000253e-01 8.418165995829427484e-01
3.415000000000000258e-01 8.416002150618395738e-01
3.420000000000000262e-01 8.413838698580899944e-01
3.425000000000000266e-01 8.411675639513161995e-01
3.430000000000000271e-01 8.409512973211829001e-01
3.435000000000000275e-01 8.407350699473965516e-01
3.440000000000000280e-01 8.405188818097050207e-01
3.445000000000000284e-01 8.403027328878982516e-01
3.450000000000000289e-01 8.400866231618084878e-01
3.455000000000000293e-01 8.398705526113091624e-01
3.460000000000000298e-01 8.396545212163162297e-01
3.465000000000000302e-01 8.394385289567876107e-01
3.470000000000000306e-01 8.392225758127219715e-01
3.475000000000000311e-01 8.390066617641618318e-01
3.480000000000000315e-01 8.387907867911902349e-01
3.485000000000000320e-01 8.385749508739327451e-01
3.490000000000000324e-01 8.383591539925570046e-01
3.495000000000000329e-01 8.381433961272722888e-01
3.500000000000000333e-01 8.379276772583301724e-01
3.505000000000000338e-01 8.377119973660243080e-01
3.510000000000000342e-01 8.374963564306903141e-01
3.515000000000000346e-01 8.372807544327057760e-01
3.519999999999999796e-01 8.370651913524902454e-01
3.524999999999999800e-01 8.368496671705054624e-01
3.529999999999999805e-01 8.366341818672553554e-01
3.534999999999999809e-01 8.364187354232858196e-01
3.539999999999999813e-01 8.362033278191847163e-01
3.544999999999999818e-01 8.359879590355823176e-01
3.549999999999999822e-01 8.357726290531501956e-01
3.554999999999999827e-01 8.355573378526032213e-01
3.559999999999999831e-01 8.353420854146974550e-01
3.564999999999999836e-01 8.351268717202312564e-01
3.569999999999999840e-01 8.349116967500451736e-01
3.574999999999999845e-01 8.346965604850224985e-01
3.579999999999999849e-01 8.344814629060872679e-01
3.584999999999999853e-01 8.342664039942063736e-01
3.589999999999999858e-01 8.340513837303891176e-01
3.594999999999999862e-01 8.338364020956865463e-01
3.599999999999999867e-01 8.336214590711922279e-01
3.604999999999999871e-01 8.334065546380411416e-01
3.609999999999999876e-01 8.331916887774110103e-01
3.614999999999999880e-01 8.329768614705216345e-01
3.619999999999999885e-01 8.327620726986345590e-01
3.624999999999999889e-01 8.325473224430540720e-01
3.629999999999999893e-01 8.323326106851262063e-01
3.634999999999999898e-01 8.321179374062387391e-01
3.639999999999999902e-01 8.319033025878223020e-01
3.644999999999999907e-01 8.316887062113501594e-01
3.649999999999999911e-01 8.314741482583356547e-01
3.654999999999999916e-01 8.312596287103368731e-01
3.659999999999999920e-01 8.310451475489518680e-01
3.664999999999999925e-01 8.308307047558224356e-01
3.669999999999999929e-01 8.306163003126314504e-01
3.674999999999999933e-01 8.304019342011046412e-01
3.679999999999999938e-01 8.301876064030090374e-01
3.684999999999999942e-01 8.299733169001551891e-01
3.689999999999999947e-01 8.297590656743945026e-01
3.694999999999999951e-01 8.295448527076210166e-01
3.699999999999999956e-01 8.293306779817709584e-01
3.704999999999999960e-01 8.291165414788226329e-01
3.709999999999999964e-01 8.289024431807971993e-01
3.714999999999999969e-01 8.286883830697563402e-01
3.719999999999999973e-01 8.284743611278060360e-01
3.724999999999999978e-01 8.282603773370924571e-01
3.729999999999999982e-01 8.280464316798055169e-01
3.734999999999999987e-01 8.278325241381754296e-01
3.739999999999999991e-01 8.276186546944764855e-01
3.744999999999999996e-01 8.274048233310251632e-01
3.750000000000000000e-01 8.271910300301864583e-01
3.755000000000000004e-01 8.269772747743315833e-01
3.760000000000000009e-01 8.267635575459395536e-01
3.765000000000000013e-01 8.265498783274747296e-01
3.770000000000000018e-01 8.263362371014678631e-01
3.775000000000000022e-01 8.261226338504880085e-01
3.780000000000000027e-01 8.259090685571451873e-01
3.785000000000000031e-01 8.256955412040924980e-01
3.790000000000000036e-01 8.254820517740260044e-01
3.795000000000000040e-01 8.252686002496827378e-01
3.800000000000000044e-01 8.250551866138423618e-01
3.805000000000000049e-01 8.248418108493263956e-01
3.810000000000000053e-01 8.246284729389991019e-01
3.815000000000000058e-01 8.244151728657665990e-01
3.820000000000000062e-01 8.242019106125775263e-01
3.825000000000000067e-01 8.239886861624219350e-01
3.830000000000000071e-01 8.237754994983328416e-01
3.835000000000000075e-01 8.235623506033850072e-01
3.840000000000000080e-01 8.233492394606959364e-01
3.845000000000000084e-01 8.231361660534252112e-01
3.850000000000000089e-01 8.229231303647736029e-01
3.855000000000000093e-01 8.227101323779855147e-01
3.860000000000000098e-01 8.224971720763463168e-01
3.865000000000000102e-01 8.222842494431849003e-01
3.870000000000000107e-01 8.220713644618711236e-01
3.875000000000000111e-01 8.218585171158173663e-01
3.880000000000000115e-01 8.216457073884789741e-01
3.885000000000000120e-01 8.214329352633527037e-01
3.890000000000000124e-01 8.212202007239779444e-01
3.895000000000000129e-01 8.210075037539359410e-01
3.900000000000000133e-01 8.207948443368505709e-01
3.905000000000000138e-01 8.205822224563872336e-01
3.910000000000000142e-01 8.203696380962550716e-01
3.915000000000000147e-01 8.201570912402031954e-01
3.920000000000000151e-01 8.199445818720254575e-01
3.925000000000000155e-01 8.197321099755554563e-01
3.930000000000000160e-01 8.195196755346713102e-01
3.935000000000000164e-01 8.193072785332917718e-01
3.940000000000000169e-01 8.190949189553783372e-01
3.945000000000000173e-01 8.188825967849346910e-01
3.950000000000000178e-01 8.186703120060075944e-01
3.955000000000000182e-01 8.184580646026843320e-01
3.960000000000000187e-01 8.182458545590963750e-01
3.965000000000000191e-01 8.180336818594158288e-01
3.970000000000000195e-01 8.178215464878579866e-01
3.975000000000000200e-01 8.176094484286802189e-01
3.980000000000000204e-01 8.173973876661820848e-01
3.985000000000000209e-01 8.171853641847049987e-01
3.990000000000000213e-01 8.169733779686336739e-01
3.995000000000000218e-01 8.167614290023946788e-01
4.000000000000000222e-01 8.165495172704558824e-01
4.005000000000000226e-01 8.163376427573281191e-01
4.010000000000000231e-01 8.161258054475650781e-01
4.015000000000000235e-01 8.159140053257620817e-01
4.020000000000000240e-01 8.157022423765568631e-01
4.025000000000000244e-01 8.154905165846298987e-01
4.030000000000000249e-01 8.152788279347027434e-01
4.035000000000000253e-01 8.150671764115402507e-01
4.040000000000000258e-01 8.148555619999497956e-01
4.045000000000000262e-01 8.146439846847800537e-01
4.050000000000000266e-01 8.144324444509225547e-01
4.055000000000000271e-01 8.142209412833113502e-01
4.060000000000000275e-01 8.140094751669222362e-01
4.065000000000000280e-01 8.137980460867736410e-01
4.070000000000000284e-01 8.135866540279261816e-01
4.075000000000000289e-01 8.133752989754835516e-01
4.080000000000000293e-01 8.131639809145904119e-01
4.085000000000000298e-01 8.129526998304346108e-01
4.090000000000000302e-01 8.127414557082454083e-01
4.095000000000000306e-01 8.125302485332956959e-01
4.100000000000000311e-01 8.123190782909003316e-01
4.105000000000000315e-01 8.121079449664155847e-01
4.110000000000000320e-01 8.118968485452411343e-01
4.115000000000000324e-01 8.116857890128184039e-01
4.120000000000000329e-01 8.114747663546310052e-01
4.125000000000000333e-01 8.112637805562056270e-01
4.130000000000000338e-01 8.110528316031100360e-01
4.135000000000000342e-01 8.108419194809556307e-01
4.140000000000000346e-01 8.106310441753956653e-01
4.145000000000000351e-01 8.104202056721254710e-01
4.150000000000000355e-01 8.102094039568826789e-01
4.155000000000000360e-01 8.099986390154481075e-01
4.160000000000000364e-01 8.097879108336437648e-01
4.164999999999999813e-01 8.095772193973347353e-01
4.169999999999999818e-01 8.093665646924281809e-01
4.174999999999999822e-01 8.091559467048740073e-01
4.179999999999999827e-01 8.089453654206636424e-01
4.184999999999999831e-01 8.087348208258318127e-01
4.189999999999999836e-01 8.085243129064545453e-01
4.194999999999999840e-01 8.083138416486513878e-01
4.199999999999999845e-01 8.081034070385835211e-01
4.204999999999999849e-01 8.078930090624544258e-01
4.209999999999999853e-01 8.076826477065105481e-01
4.214999999999999858e-01 8.074723229570400784e-01
4.219999999999999862e-01 8.072620348003737289e-01
4.224999999999999867e-01 8.070517832228847332e-01
4.229999999999999871e-01 8.068415682109880693e-01
4.234999999999999876e-01 8.066313897511425690e-01
4.239999999999999880e-01 8.064212478298475872e-01
4.244999999999999885e-01 8.062111424336456666e-01
4.249999999999999889e-01 8.060010735491227596e-01
4.254999999999999893e-01 8.057910411629047864e-01
4.259999999999999898e-01 8.055810452616627426e-01
4.264999999999999902e-01 8.053710858321078137e-01
4.269999999999999907e-01 8.051611628609943727e-01
4.274999999999999911e-01 8.049512763351195366e-01
4.279999999999999916e-01 8.047414262413223884e-01
4.284999999999999920e-01 8.045316125664843110e-01
4.289999999999999925e-01 8.043218352975298746e-01
4.294999999999999929e-01 8.041120944214240618e-01
4.299999999999999933e-01 8.039023899251763750e-01
4.304999999999999938e-01 8.036927217958380609e-01
4.309999999999999942e-01 8.034830900205017779e-01
4.314999999999999947e-01 8.032734945863033715e-01
4.319999999999999951e-01 8.030639354804216534e-01
4.324999999999999956e-01 8.028544126900759581e-01
4.329999999999999960e-01 8.026449262025306952e-01
4.334999999999999964e-01 8.024354760050895763e-01
4.339999999999999969e-01 8.022260620851013879e-01
4.344999999999999973e-01 8.020166844299553288e-01
4.349999999999999978e-01 8.018073430270843405e-01
4.354999999999999982e-01 8.015980378639629977e-01
4.359999999999999987e-01 8.013887689281082860e-01
4.364999999999999991e-01 8.011795362070797122e-01
4.369999999999999996e-01 8.009703396884794158e-01
4.375000000000000000e-01 8.007611793599511696e-01
4.380000000000000004e-01 8.005520552091816011e-01
4.385000000000000009e-01 8.003429672239003034e-01
4.390000000000000013e-01 8.001339153918781699e-01
4.395000000000000018e-01 7.999248997009291706e-01
4.400000000000000022e-01 7.997159201389093530e-01
4.405000000000000027e-01 7.995069766937171751e-01
4.410000000000000031e-01 7.992980693532931724e-01
4.415000000000000036e-01 7.990891981056210680e-01
4.420000000000000040e-01 7.988803629387261074e-01
4.425000000000000044e-01 7.986715638406762796e-01
4.430000000000000049e-01 7.984628007995824284e-01
4.435000000000000053e-01 7.982540738035963646e-01
4.440000000000000058e-01 7.980453828409137529e-01
4.445000000000000062e-01 7.978367278997715584e-01
4.450000000000000067e-01 7.976281089684502668e-01
4.455000000000000071e-01 7.974195260352715531e-01
4.460000000000000075e-01 7.972109790885997249e-01
4.465000000000000080e-01 7.970024681168423886e-01
4.470000000000000084e-01 7.967939931084482286e-01
4.475000000000000089e-01 7.965855540519084510e-01
4.480000000000000093e-01 7.963771509357577827e-01
4.485000000000000098e-01 7.961687837485723618e-01
4.490000000000000102e-01 7.959604524789704039e-01
4.495000000000000107e-01 7.957521571156132012e-01
4.500000000000000111e-01 7.955438976472041235e-01
4.505000000000000115e-01 7.953356740624890620e-01
4.510000000000000120e-01 7.951274863502558743e-01
4.515000000000000124e-01 7.949193344993350507e-01
4.520000000000000129e-01 7.947112184985989369e-01
4.525000000000000133e-01 7.945031383369631772e-01
4.530000000000000138e-01 7.942950940033849383e-01
4.535000000000000142e-01 7.940870854868639084e-01
4.540000000000000147e-01 7.938791127764425193e-01
4.545000000000000151e-01 7.936711758612049472e-01
4.550000000000000155e-01 7.934632747302777789e-01
4.555000000000000160e-01 7.932554093728304556e-01
4.560000000000000164e-01 7.930475797780744962e-01
4.565000000000000169e-01 7.928397859352633859e-01
4.570000000000000173e-01 7.926320278336933534e-01
4.575000000000000178e-01 7.924243054627021499e-01
4.580000000000000182e-01 7.922166188116716024e-01
4.585000000000000187e-01 7.920089678700245051e-01
4.590000000000000191e-01 7.918013526272255076e-01
4.595000000000000195e-01 7.915937730727827804e-01
4.600000000000000200e-01 7.913862291962461271e-01
4.605000000000000204e-01 7.911787209872079840e-01
4.610000000000000209e-01 7.909712484353026429e-01
4.615000000000000213e-01 7.907638115302074722e-01
4.620000000000000218e-01 7.905564102616411404e-01
4.625000000000000222e-01 7.903490446193655039e-01
4.630000000000000226e-01 7.901417145931840524e-01
4.635000000000000231e-01 7.899344201729432413e-01
4.640000000000000235e-01 7.897271613485309372e-01
4.645000000000000240e-01 7.895199381098778613e-01
4.650000000000000244e-01 7.893127504469574784e-01
4.655000000000000249e-01 7.891055983497838877e-01
4.660000000000000253e-01 7.888984818084154860e-01
4.665000000000000258e-01 7.886914008129514153e-01
4.670000000000000262e-01 7.884843553535342275e-01
4.675000000000000266e-01 7.882773454203478858e-01
4.680000000000000271e-01 7.880703710036188747e-01
4.685000000000000275e-01 7.878634320936158675e-01
4.690000000000000280e-01 7.876565286806496147e-01
4.695000000000000284e-01 7.874496607550740546e-01
4.700000000000000289e-01 7.872428283072840927e-01
4.705000000000000293e-01 7.870360313277181552e-01
4.710000000000000298e-01 7.868292698068558577e-01
4.715000000000000302e-01 7.866225437352193373e-01
4.720000000000000306e-01 7.864158531033726973e-01
4.725000000000000311e-01 7.862091979019234511e-01
4.730000000000000315e-01 7.860025781215199681e-01
4.735000000000000320e-01 7.857959937528531391e-01
4.740000000000000324e-01 7.855894447866569319e-01
4.745000000000000329e-01 7.853829312137059482e-01
4.750000000000000333e-01 7.851764530248193097e-01
4.755000000000000338e-01 7.849700102108555511e-01
4.760000000000000342e-01 7.847636027627175048e-01
4.765000000000000346e-01 7.845572306713491928e-01
4.770000000000000351e-01 7.843508939277376024e-01
4.775000000000000355e-01 7.841445925229112435e-01
4.780000000000000360e-01 7.839383264479402591e-01
4.785000000000000364e-01 7.837320956939387573e-01
4.790000000000000369e-01 7.835259002520612581e-01
4.795000000000000373e-01 7.833197401135050253e-01
4.799999999999999822e-01 7.831136152695098440e-01
4.804999999999999827e-01 7.829075257113573549e-01
4.809999999999999831e-01 7.827014714303714982e-01
4.814999999999999836e-01 7.824954524179181803e-01
4.819999999999999840e-01 7.822894686654051633e-01
4.824999999999999845e-01 7.820835201642829526e-01
4.829999999999999849e-01 7.818776069060434653e-01
4.834999999999999853e-01 7.816717288822221388e-01
4.839999999999999858e-01 7.814658860843944899e-01
4.844999999999999862e-01 7.812600785041801110e-01
4.849999999999999867e-01 7.810543061332386738e-01
4.854999999999999871e-01 7.808485689632743698e-01
4.859999999999999876e-01 7.806428669860310254e-01
4.864999999999999880e-01 7.804372001932967651e-01
4.869999999999999885e-01 7.802315685768993481e-01
4.874999999999999889e-01 7.800259721287110537e-01
4.879999999999999893e-01 7.798204108406452395e-01
4.884999999999999898e-01 7.796148847046565633e-01
4.889999999999999902e-01 7.794093937127430927e-01
4.894999999999999907e-01 7.792039378569437513e-01
4.899999999999999911e-01 7.789985171293404287e-01
4.904999999999999916e-01 7.787931315220562034e-01
4.909999999999999920e-01 7.785877810272571198e-01
4.914999999999999925e-01 7.783824656371505224e-01
4.919999999999999929e-01 7.781771853439859443e-01
4.924999999999999933e-01 7.779719401400552181e-01
4.929999999999999938e-01 7.777667300176919207e-01
4.934999999999999942e-01 7.775615549692714845e-01
4.939999999999999947e-01 7.773564149872115303e-01
4.944999999999999951e-01 7.771513100639723115e-01
4.949999999999999956e-01 7.769462401920546046e-01
4.954999999999999960e-01 7.767412053640019298e-01
4.959999999999999964e-01 7.765362055724005508e-01
4.964999999999999969e-01 7.763312408098772543e-01
4.969999999999999973e-01 7.761263110691013489e-01
4.974999999999999978e-01 7.759214163427847755e-01
4.979999999999999982e-01 7.757165566236804422e-01
4.984999999999999987e-01 7.755117319045835567e-01
4.989999999999999991e-01 7.753069421783312931e-01
4.994999999999999996e-01 7.751021874378031251e-01
5.000000000000000000e-01 7.748974676759193825e-01
