
# Surface 0 of 1 surfaces

# Curve title: "'../8000-04-01-DM-Z.dat' u 1:2:(1000*$4)"

# Contour 0, label:        4
 0.00759728  1.07071  4 
 0.00757576  1.06943  4 
 0.00720813  1.07071  4 
 0.00757576  1.07175  4 
 0.00759728  1.07071  4 

# Contour 1, label: 
 0.00757856  0.767677  4 
 0.00757576  0.767543  4 
 0.00756363  0.767677  4 
 0.00621398  0.787879  4 
 0.00757576  0.798483  4 
 0.00888355  0.787879  4 
 0.00757856  0.767677  4 

# Contour 2, label: 
 0.00757772  0.727273  4 
 0.00757576  0.727152  4 
 0.00756888  0.727273  4 
 0.00757576  0.727378  4 
 0.00757772  0.727273  4 

# Contour 3, label: 
 0.00769565  1.47475  4 
 0.00757576  1.47959  4 
 0.00675459  1.49495  4 
 0.00757576  1.51292  4 
 0.00762376  1.51515  4 
 0.00861059  1.53535  4 
 0.00842059  1.55556  4 
 0.00773154  1.57576  4 
 0.00757576  1.58018  4 
 0.00571463  1.59596  4 
 0.00757576  1.60126  4 
 0.00987543  1.61616  4 
 0.00757576  1.6306  4 
 0.00663654  1.63636  4 
 0.00757576  1.6464  4 
 0.00789251  1.65657  4 
 0.00800535  1.67677  4 
 0.0076016  1.69697  4 
 0.00757576  1.69814  4 
 0.00671772  1.71717  4 
 0.00752085  1.73737  4 
 0.00611798  1.75758  4 
 0.00693332  1.77778  4 
 0.00612481  1.79798  4 
 0.00731352  1.81818  4 
 0.00596888  1.83838  4 
 0.00752001  1.85859  4 
 0.00757576  1.85963  4 
 0.00772552  1.87879  4 
 0.00757576  1.88279  4 
 0.00591801  1.89899  4 
 0.00757576  1.91046  4 
 0.00808968  1.91919  4 
 0.00809147  1.93939  4 
 0.00865502  1.9596  4 
 0.00757576  1.96943  4 
 0.00656162  1.9798  4 
 0.00757576  1.98769  4 
 0.00805893  2  4 

# Contour 4, label: 
 0.0205577  0  4 
 0.020202  0.000257773  4 
 0.0176768  0.00183861  4 
 0.0151515  0.00355421  4 
 0.0126263  0.00581526  4 
 0.010101  0.00949829  4 
 0.00757576  0.0170492  4 
 0.00687275  0.020202  4 
 0.00505051  0.0381093  4 
 0.00485691  0.040404  4 
 0.00377073  0.0606061  4 
 0.00319436  0.0808081  4 
 0.00280541  0.10101  4 
 0.00252525  0.119239  4 
 0.00245698  0.121212  4 
 0.00179307  0.141414  4 
 0.00124793  0.161616  4 
 0.000841914  0.181818  4 
 0.000620754  0.20202  4 
 0.000607984  0.222222  4 
 0.000758119  0.242424  4 
 0.00099698  0.262626  4 
 0.00127179  0.282828  4 
 0.00158977  0.30303  4 
 0.00187245  0.323232  4 
 0.00216987  0.343434  4 
 0.00235078  0.363636  4 
 0.00248456  0.383838  4 
 0.00252525  0.396319  4 
 0.00253298  0.40404  4 
 0.00262193  0.424242  4 
 0.00254727  0.444444  4 
 0.00258958  0.464646  4 
 0.00252525  0.482324  4 
 0.0025003  0.484848  4 
 0.00238716  0.505051  4 
 0.00233793  0.525253  4 
 0.00229476  0.545455  4 
 0.00213174  0.565657  4 
 0.00213186  0.585859  4 
 0.00217725  0.606061  4 
 0.00250147  0.626263  4 
 0.00252525  0.628143  4 
 0.00267381  0.646465  4 
 0.00283627  0.666667  4 
 0.00289719  0.686869  4 
 0.00313989  0.707071  4 
 0.00336137  0.727273  4 
 0.00367426  0.747475  4 
 0.00374734  0.767677  4 
 0.00354557  0.787879  4 
 0.00297501  0.808081  4 
 0.0032936  0.828283  4 
 0.00352925  0.848485  4 
 0.0040779  0.868687  4 
 0.00448646  0.888889  4 
 0.00409994  0.909091  4 
 0.00404523  0.929293  4 
 0.00505051  0.947624  4 
 0.00515593  0.949495  4 
 0.00538749  0.969697  4 
 0.00505051  0.976923  4 
 0.00430124  0.989899  4 
 0.0044749  1.0101  4 
 0.0043373  1.0303  4 
 0.00491607  1.05051  4 
 0.00450148  1.07071  4 
 0.0047044  1.09091  4 
 0.00471354  1.11111  4 
 0.00422863  1.13131  4 
 0.00505051  1.14093  4 
 0.00703091  1.13131  4 
 0.00757576  1.11895  4 
 0.00765585  1.13131  4 
 0.00805245  1.15152  4 
 0.00834823  1.17172  4 
 0.00757576  1.18788  4 
 0.00550699  1.19192  4 
 0.00757576  1.19962  4 
 0.00788531  1.21212  4 
 0.00809061  1.23232  4 
 0.00801934  1.25253  4 
 0.00757576  1.2707  4 
 0.00733663  1.27273  4 
 0.00757576  1.29208  4 
 0.00757967  1.29293  4 
 0.00863197  1.31313  4 
 0.00757576  1.33028  4 
 0.00628885  1.33333  4 
 0.00505051  1.34766  4 
 0.00485559  1.35354  4 
 0.00505051  1.3646  4 
 0.00532099  1.37374  4 
 0.00509409  1.39394  4 
 0.00531993  1.41414  4 
 0.00608194  1.43434  4 
 0.00757576  1.45193  4 
 0.00763382  1.45455  4 
 0.00769565  1.47475  4 


# Contour 5, label:     3.75
 0.0183635  1.33333  3.75 
 0.0184157  1.35354  3.75 
 0.0180151  1.37374  3.75 
 0.0181248  1.39394  3.75 
 0.0182469  1.41414  3.75 
 0.0180024  1.43434  3.75 
 0.0180371  1.45455  3.75 
 0.0185558  1.47475  3.75 
 0.0185007  1.49495  3.75 
 0.0187988  1.51515  3.75 
 0.0189601  1.53535  3.75 
 0.0188324  1.55556  3.75 
 0.0199401  1.57576  3.75 
 0.0182312  1.59596  3.75 
 0.0179546  1.61616  3.75 
 0.0198568  1.63636  3.75 
 0.0188163  1.65657  3.75 
 0.0185723  1.67677  3.75 
 0.0185441  1.69697  3.75 
 0.0188135  1.71717  3.75 
 0.018426  1.73737  3.75 
 0.0185265  1.75758  3.75 
 0.0185326  1.77778  3.75 
 0.0185061  1.79798  3.75 
 0.0184576  1.81818  3.75 
 0.0185529  1.83838  3.75 
 0.0186952  1.85859  3.75 
 0.0188772  1.87879  3.75 
 0.0190998  1.89899  3.75 
 0.0192887  1.91919  3.75 
 0.0184438  1.93939  3.75 
 0.019324  1.9596  3.75 
 0.0191193  1.9798  3.75 
 0.018816  2  3.75 

# Contour 6, label: 
 0.0604569  0  3.75 
 0.0580808  0.0025473  3.75 
 0.0555556  0.00526329  3.75 
 0.0530303  0.00798891  3.75 
 0.0505051  0.0107174  3.75 
 0.0479798  0.013431  3.75 
 0.0454545  0.0161018  3.75 
 0.0429293  0.0186949  3.75 
 0.0414183  0.020202  3.75 
 0.040404  0.0218415  3.75 
 0.0378788  0.0260475  3.75 
 0.0353535  0.0303986  3.75 
 0.0328283  0.0349293  3.75 
 0.030303  0.0397045  3.75 
 0.0299561  0.040404  3.75 
 0.0277778  0.0476823  3.75 
 0.0252525  0.0571502  3.75 
 0.0244171  0.0606061  3.75 
 0.0227273  0.0705882  3.75 
 0.0211811  0.0808081  3.75 
 0.020202  0.0891868  3.75 
 0.0189753  0.10101  3.75 
 0.0176768  0.116458  3.75 
 0.0173271  0.121212  3.75 
 0.0160668  0.141414  3.75 
 0.0151515  0.158626  3.75 
 0.0150148  0.161616  3.75 
 0.0141896  0.181818  3.75 
 0.0134531  0.20202  3.75 
 0.0127926  0.222222  3.75 
 0.0126263  0.22781  3.75 
 0.0122556  0.242424  3.75 
 0.0117811  0.262626  3.75 
 0.0113442  0.282828  3.75 
 0.0109329  0.30303  3.75 
 0.0110245  0.323232  3.75 
 0.0111162  0.343434  3.75 
 0.0108996  0.363636  3.75 
 0.0111631  0.383838  3.75 
 0.0120628  0.40404  3.75 
 0.0126263  0.408973  3.75 
 0.0143007  0.424242  3.75 
 0.0145316  0.444444  3.75 
 0.0140669  0.464646  3.75 
 0.0149809  0.484848  3.75 
 0.0151338  0.505051  3.75 
 0.0151515  0.505928  3.75 
 0.0157211  0.525253  3.75 
 0.0162163  0.545455  3.75 
 0.0158793  0.565657  3.75 
 0.0164095  0.585859  3.75 
 0.016787  0.606061  3.75 
 0.0165282  0.626263  3.75 
 0.0163976  0.646465  3.75 
 0.0162391  0.666667  3.75 
 0.0166447  0.686869  3.75 
 0.0164633  0.707071  3.75 
 0.0166304  0.727273  3.75 
 0.0170662  0.747475  3.75 
 0.0171178  0.767677  3.75 
 0.0176768  0.783557  3.75 
 0.0177208  0.787879  3.75 
 0.0176768  0.788954  3.75 
 0.0162349  0.808081  3.75 
 0.0171171  0.828283  3.75 
 0.0172738  0.848485  3.75 
 0.0176768  0.862844  3.75 
 0.0178814  0.868687  3.75 
 0.0176768  0.875747  3.75 
 0.0170408  0.888889  3.75 
 0.0172562  0.909091  3.75 
 0.0176768  0.925368  3.75 
 0.0177817  0.929293  3.75 
 0.0179265  0.949495  3.75 
 0.0176768  0.962713  3.75 
 0.0174857  0.969697  3.75 
 0.0176768  0.983988  3.75 
 0.0177305  0.989899  3.75 
 0.0176768  0.994186  3.75 
 0.0174295  1.0101  3.75 
 0.0176768  1.02085  3.75 
 0.0178515  1.0303  3.75 
 0.0178931  1.05051  3.75 
 0.0183767  1.07071  3.75 
 0.0179766  1.09091  3.75 
 0.0179586  1.11111  3.75 
 0.0178254  1.13131  3.75 
 0.0179978  1.15152  3.75 
 0.0178035  1.17172  3.75 
 0.018542  1.19192  3.75 
 0.0176768  1.20977  3.75 
 0.0175839  1.21212  3.75 
 0.0174746  1.23232  3.75 
 0.0176768  1.23531  3.75 
 0.0187413  1.25253  3.75 
 0.0185515  1.27273  3.75 
 0.018388  1.29293  3.75 
 0.0184602  1.31313  3.75 
 0.0183635  1.33333  3.75 


# Contour 7, label:      3.5
 0.0227273  1.0907  3.5 
 0.0227161  1.09091  3.5 
 0.0227273  1.09107  3.5 
 0.0236196  1.11111  3.5 
 0.0231992  1.13131  3.5 
 0.0237781  1.15152  3.5 
 0.0240154  1.17172  3.5 
 0.0227273  1.18992  3.5 
 0.0225852  1.19192  3.5 
 0.0227273  1.19492  3.5 
 0.0237275  1.21212  3.5 
 0.0245626  1.23232  3.5 
 0.0242471  1.25253  3.5 
 0.024104  1.27273  3.5 
 0.0241353  1.29293  3.5 
 0.0246495  1.31313  3.5 
 0.0244597  1.33333  3.5 
 0.024122  1.35354  3.5 
 0.0240852  1.37374  3.5 
 0.0240127  1.39394  3.5 
 0.0241869  1.41414  3.5 
 0.0240517  1.43434  3.5 
 0.024278  1.45455  3.5 
 0.0244678  1.47475  3.5 
 0.0246071  1.49495  3.5 
 0.0252001  1.51515  3.5 
 0.0252123  1.53535  3.5 
 0.0252525  1.53664  3.5 
 0.0254415  1.55556  3.5 
 0.0252525  1.55917  3.5 
 0.0227273  1.57514  3.5 
 0.0226995  1.57576  3.5 
 0.0227273  1.57695  3.5 
 0.0241815  1.59596  3.5 
 0.0236531  1.61616  3.5 
 0.0248607  1.63636  3.5 
 0.0247431  1.65657  3.5 
 0.0247574  1.67677  3.5 
 0.0239395  1.69697  3.5 
 0.0241587  1.71717  3.5 
 0.0245673  1.73737  3.5 
 0.0249534  1.75758  3.5 
 0.024899  1.77778  3.5 
 0.024488  1.79798  3.5 
 0.024473  1.81818  3.5 
 0.0249792  1.83838  3.5 
 0.0247995  1.85859  3.5 
 0.0243074  1.87879  3.5 
 0.0245295  1.89899  3.5 
 0.0249453  1.91919  3.5 
 0.0250078  1.93939  3.5 
 0.0252525  1.95824  3.5 
 0.0252702  1.9596  3.5 
 0.0252525  1.96033  3.5 
 0.0247651  1.9798  3.5 
 0.0249808  2  3.5 

# Contour 8, label: 
 0.110302  0  3.5 
 0.108586  0.00221896  3.5 
 0.106061  0.00542853  3.5 
 0.103535  0.00857042  3.5 
 0.10101  0.0116435  3.5 
 0.0984848  0.0146471  3.5 
 0.0959596  0.0175812  3.5 
 0.0936525  0.020202  3.5 
 0.0934343  0.0204907  3.5 
 0.0909091  0.0238184  3.5 
 0.0883838  0.0271206  3.5 
 0.0858586  0.0304024  3.5 
 0.0833333  0.0336681  3.5 
 0.0808081  0.0369214  3.5 
 0.0782828  0.0401652  3.5 
 0.0780972  0.040404  3.5 
 0.0757576  0.0440897  3.5 
 0.0732323  0.0481404  3.5 
 0.0707071  0.0522848  3.5 
 0.0681818  0.0565457  3.5 
 0.0658518  0.0606061  3.5 
 0.0656566  0.0610295  3.5 
 0.0631313  0.0666958  3.5 
 0.0606061  0.0726731  3.5 
 0.0580808  0.079005  3.5 
 0.0573942  0.0808081  3.5 
 0.0555556  0.0867197  3.5 
 0.0530303  0.0953514  3.5 
 0.0514724  0.10101  3.5 
 0.0505051  0.105174  3.5 
 0.0479798  0.116701  3.5 
 0.0470496  0.121212  3.5 
 0.0454545  0.130165  3.5 
 0.0435771  0.141414  3.5 
 0.0429293  0.145833  3.5 
 0.0407555  0.161616  3.5 
 0.040404  0.16449  3.5 
 0.0384086  0.181818  3.5 
 0.0378788  0.186966  3.5 
 0.0364185  0.20202  3.5 
 0.0353535  0.214272  3.5 
 0.0347021  0.222222  3.5 
 0.0332086  0.242424  3.5 
 0.0328283  0.248085  3.5 
 0.031906  0.262626  3.5 
 0.0307424  0.282828  3.5 
 0.030303  0.291124  3.5 
 0.0297078  0.30303  3.5 
 0.0287746  0.323232  3.5 
 0.027912  0.343434  3.5 
 0.0277778  0.346748  3.5 
 0.0271347  0.363636  3.5 
 0.0264078  0.383838  3.5 
 0.0257433  0.40404  3.5 
 0.0252525  0.420292  3.5 
 0.0251382  0.424242  3.5 
 0.0245787  0.444444  3.5 
 0.0240309  0.464646  3.5 
 0.0233409  0.484848  3.5 
 0.0227273  0.4862  3.5 
 0.0216901  0.484848  3.5 
 0.020202  0.481084  3.5 
 0.0199097  0.484848  3.5 
 0.0193828  0.505051  3.5 
 0.020202  0.520453  3.5 
 0.020451  0.525253  3.5 
 0.0212179  0.545455  3.5 
 0.0207368  0.565657  3.5 
 0.0209969  0.585859  3.5 
 0.0210934  0.606061  3.5 
 0.0216123  0.626263  3.5 
 0.0213093  0.646465  3.5 
 0.0219092  0.666667  3.5 
 0.0216929  0.686869  3.5 
 0.0224461  0.707071  3.5 
 0.0227273  0.726836  3.5 
 0.0227331  0.727273  3.5 
 0.0227273  0.72733  3.5 
 0.0210188  0.747475  3.5 
 0.0217809  0.767677  3.5 
 0.0227273  0.781905  3.5 
 0.0235779  0.787879  3.5 
 0.0227273  0.802961  3.5 
 0.0225512  0.808081  3.5 
 0.0220368  0.828283  3.5 
 0.0221406  0.848485  3.5 
 0.022572  0.868687  3.5 
 0.0227273  0.881317  3.5 
 0.0228062  0.888889  3.5 
 0.023027  0.909091  3.5 
 0.023172  0.929293  3.5 
 0.0228276  0.949495  3.5 
 0.0230409  0.969697  3.5 
 0.0227859  0.989899  3.5 
 0.0233419  1.0101  3.5 
 0.023127  1.0303  3.5 
 0.023552  1.05051  3.5 
 0.0234983  1.07071  3.5 
 0.0227273  1.0907  3.5 


# Contour 9, label:     3.25
 0.026653  0.727273  3.25 
 0.026126  0.747475  3.25 
 0.0271184  0.767677  3.25 
 0.0267333  0.787879  3.25 
 0.026924  0.808081  3.25 
 0.0277778  0.824284  3.25 
 0.0278556  0.828283  3.25 
 0.0277778  0.830388  3.25 
 0.0267156  0.848485  3.25 
 0.0270263  0.868687  3.25 
 0.0269888  0.888889  3.25 
 0.0272081  0.909091  3.25 
 0.027716  0.929293  3.25 
 0.0277778  0.932152  3.25 
 0.0281298  0.949495  3.25 
 0.0277778  0.965054  3.25 
 0.0276527  0.969697  3.25 
 0.0271329  0.989899  3.25 
 0.0276596  1.0101  3.25 
 0.0277778  1.02033  3.25 
 0.0279103  1.0303  3.25 
 0.0283229  1.05051  3.25 
 0.0277778  1.06869  3.25 
 0.0277096  1.07071  3.25 
 0.0277778  1.07265  3.25 
 0.0282672  1.09091  3.25 
 0.0277778  1.10853  3.25 
 0.0276826  1.11111  3.25 
 0.0277778  1.11775  3.25 
 0.0279497  1.13131  3.25 
 0.02786  1.15152  3.25 
 0.0281234  1.17172  3.25 
 0.0290973  1.19192  3.25 
 0.0277778  1.21024  3.25 
 0.0276383  1.21212  3.25 
 0.0277778  1.21356  3.25 
 0.0286447  1.23232  3.25 
 0.0288902  1.25253  3.25 
 0.0285335  1.27273  3.25 
 0.0286289  1.29293  3.25 
 0.0282317  1.31313  3.25 
 0.0286413  1.33333  3.25 
 0.0283041  1.35354  3.25 
 0.0291505  1.37374  3.25 
 0.02936  1.39394  3.25 
 0.0286487  1.41414  3.25 
 0.0288528  1.43434  3.25 
 0.029219  1.45455  3.25 
 0.0292771  1.47475  3.25 
 0.0291941  1.49495  3.25 
 0.0290759  1.51515  3.25 
 0.02919  1.53535  3.25 
 0.0285409  1.55556  3.25 
 0.0291503  1.57576  3.25 
 0.0292343  1.59596  3.25 
 0.0296969  1.61616  3.25 
 0.0290636  1.63636  3.25 
 0.0293034  1.65657  3.25 
 0.0288527  1.67677  3.25 
 0.0292154  1.69697  3.25 
 0.0290498  1.71717  3.25 
 0.029362  1.73737  3.25 
 0.0301595  1.75758  3.25 
 0.030303  1.76758  3.25 
 0.0304203  1.77778  3.25 
 0.030303  1.78158  3.25 
 0.0296178  1.79798  3.25 
 0.0293752  1.81818  3.25 
 0.0292153  1.83838  3.25 
 0.0302047  1.85859  3.25 
 0.0301237  1.87879  3.25 
 0.0293557  1.89899  3.25 
 0.0290621  1.91919  3.25 
 0.0297067  1.93939  3.25 
 0.0299432  1.9596  3.25 
 0.0284555  1.9798  3.25 
 0.0295472  2  3.25 

# Contour 10, label: 
 0.162382  0  3.25 
 0.161616  0.00115912  3.25 
 0.159091  0.00493915  3.25 
 0.156566  0.00865868  3.25 
 0.15404  0.0123178  3.25 
 0.151515  0.0159164  3.25 
 0.14899  0.0194544  3.25 
 0.148451  0.020202  3.25 
 0.146465  0.0231655  3.25 
 0.143939  0.0268958  3.25 
 0.141414  0.0305851  3.25 
 0.138889  0.0342341  3.25 
 0.136364  0.0378424  3.25 
 0.134553  0.040404  3.25 
 0.133838  0.0415035  3.25 
 0.131313  0.0453722  3.25 
 0.128788  0.0492096  3.25 
 0.126263  0.0530157  3.25 
 0.123737  0.0567916  3.25 
 0.121212  0.0605393  3.25 
 0.121167  0.0606061  3.25 
 0.118687  0.0646928  3.25 
 0.116162  0.0688598  3.25 
 0.113636  0.0730385  3.25 
 0.111111  0.0772355  3.25 
 0.108974  0.0808081  3.25 
 0.108586  0.0815396  3.25 
 0.106061  0.0863473  3.25 
 0.103535  0.0912354  3.25 
 0.10101  0.0962169  3.25 
 0.098631  0.10101  3.25 
 0.0984848  0.101344  3.25 
 0.0959596  0.107242  3.25 
 0.0934343  0.11333  3.25 
 0.0909091  0.119632  3.25 
 0.0902936  0.121212  3.25 
 0.0883838  0.126778  3.25 
 0.0858586  0.134431  3.25 
 0.0836495  0.141414  3.25 
 0.0833333  0.142537  3.25 
 0.0808081  0.151808  3.25 
 0.0782828  0.161533  3.25 
 0.0782619  0.161616  3.25 
 0.0757576  0.172684  3.25 
 0.0737839  0.181818  3.25 
 0.0732323  0.18463  3.25 
 0.0707071  0.198002  3.25 
 0.069978  0.20202  3.25 
 0.0681818  0.212884  3.25 
 0.0667013  0.222222  3.25 
 0.0656566  0.229436  3.25 
 0.0638506  0.242424  3.25 
 0.0631313  0.248071  3.25 
 0.0613496  0.262626  3.25 
 0.0606061  0.269229  3.25 
 0.0591333  0.282828  3.25 
 0.0580808  0.293347  3.25 
 0.0571486  0.30303  3.25 
 0.0555556  0.320867  3.25 
 0.0553523  0.323232  3.25 
 0.0537278  0.343434  3.25 
 0.0530303  0.352741  3.25 
 0.0522416  0.363636  3.25 
 0.0508628  0.383838  3.25 
 0.0505051  0.389337  3.25 
 0.0495837  0.40404  3.25 
 0.0483939  0.424242  3.25 
 0.0479798  0.431704  3.25 
 0.0473021  0.444444  3.25 
 0.0462816  0.464646  3.25 
 0.0454545  0.481825  3.25 
 0.0453147  0.484848  3.25 
 0.0444154  0.505051  3.25 
 0.0435562  0.525253  3.25 
 0.0429293  0.540601  3.25 
 0.0427388  0.545455  3.25 
 0.0419637  0.565657  3.25 
 0.0412137  0.585859  3.25 
 0.040434  0.606061  3.25 
 0.040404  0.606775  3.25 
 0.0392385  0.626263  3.25 
 0.0378788  0.635857  3.25 
 0.0353535  0.63113  3.25 
 0.0328283  0.626856  3.25 
 0.0326178  0.626263  3.25 
 0.030303  0.614292  3.25 
 0.0286656  0.606061  3.25 
 0.0277778  0.598381  3.25 
 0.0252525  0.586754  3.25 
 0.0246389  0.606061  3.25 
 0.0252525  0.617375  3.25 
 0.0260392  0.626263  3.25 
 0.0252525  0.646219  3.25 
 0.0252474  0.646465  3.25 
 0.0252525  0.646678  3.25 
 0.0256932  0.666667  3.25 
 0.0257217  0.686869  3.25 
 0.0265595  0.707071  3.25 
 0.026653  0.727273  3.25 


# Contour 11, label:        3
 0.0339046  1.55556  3 
 0.0348164  1.57576  3 
 0.034108  1.59596  3 
 0.0329042  1.61616  3 
 0.0343343  1.63636  3 
 0.0341976  1.65657  3 
 0.0333344  1.67677  3 
 0.0339476  1.69697  3 
 0.0338847  1.71717  3 
 0.0344  1.73737  3 
 0.0341938  1.75758  3 
 0.0340196  1.77778  3 
 0.0338486  1.79798  3 
 0.0337653  1.81818  3 
 0.034005  1.83838  3 
 0.0339865  1.85859  3 
 0.0351594  1.87879  3 
 0.0332762  1.89899  3 
 0.035026  1.91919  3 
 0.0347528  1.93939  3 
 0.0342686  1.9596  3 
 0.035147  1.9798  3 
 0.0340625  2  3 

# Contour 12, label: 
 0.0606061  0.726083  3 
 0.0605574  0.727273  3 
 0.059756  0.747475  3 
 0.0589983  0.767677  3 
 0.0582645  0.787879  3 
 0.0580808  0.792987  3 
 0.0575677  0.808081  3 
 0.056852  0.828283  3 
 0.0561168  0.848485  3 
 0.0555556  0.862774  3 
 0.0553329  0.868687  3 
 0.0545445  0.888889  3 
 0.0530303  0.907459  3 
 0.0505051  0.890116  3 
 0.0504793  0.888889  3 
 0.0501022  0.868687  3 
 0.0497907  0.848485  3 
 0.0479798  0.830921  3 
 0.0479225  0.828283  3 
 0.0475858  0.808081  3 
 0.0479798  0.806157  3 
 0.0503117  0.787879  3 
 0.0479798  0.769784  3 
 0.0460803  0.767677  3 
 0.0467329  0.747475  3 
 0.0454545  0.738426  3 
 0.0441875  0.727273  3 
 0.0429293  0.716864  3 
 0.0419112  0.707071  3 
 0.040404  0.690266  3 
 0.0398128  0.686869  3 
 0.0384232  0.666667  3 
 0.0378788  0.662845  3 
 0.0353535  0.659259  3 
 0.0337619  0.646465  3 
 0.0328283  0.640713  3 
 0.0306798  0.646465  3 
 0.030303  0.657007  3 
 0.0298845  0.666667  3 
 0.0281751  0.686869  3 
 0.0294012  0.707071  3 
 0.030303  0.723598  3 
 0.0305143  0.727273  3 
 0.030303  0.737405  3 
 0.0296354  0.747475  3 
 0.0299886  0.767677  3 
 0.0301459  0.787879  3 
 0.030303  0.788643  3 
 0.0324724  0.808081  3 
 0.030513  0.828283  3 
 0.0328283  0.847651  3 
 0.0328673  0.848485  3 
 0.0328283  0.84935  3 
 0.0311948  0.868687  3 
 0.0309742  0.888889  3 
 0.0310458  0.909091  3 
 0.031677  0.929293  3 
 0.0313415  0.949495  3 
 0.0312626  0.969697  3 
 0.0313708  0.989899  3 
 0.0321261  1.0101  3 
 0.0319165  1.0303  3 
 0.0321477  1.05051  3 
 0.0320101  1.07071  3 
 0.032362  1.09091  3 
 0.0328283  1.10248  3 
 0.0329782  1.11111  3 
 0.0328283  1.11389  3 
 0.0315493  1.13131  3 
 0.0318771  1.15152  3 
 0.0328283  1.16559  3 
 0.0331297  1.17172  3 
 0.0328283  1.17921  3 
 0.0320578  1.19192  3 
 0.0328283  1.20338  3 
 0.0337463  1.21212  3 
 0.0330553  1.23232  3 
 0.0328283  1.24092  3 
 0.0325771  1.25253  3 
 0.0321821  1.27273  3 
 0.0328283  1.28834  3 
 0.0330197  1.29293  3 
 0.0328283  1.29868  3 
 0.0322694  1.31313  3 
 0.0322301  1.33333  3 
 0.0326373  1.35354  3 
 0.0328283  1.35961  3 
 0.0331724  1.37374  3 
 0.0334248  1.39394  3 
 0.0329418  1.41414  3 
 0.0334498  1.43434  3 
 0.0332319  1.45455  3 
 0.0331802  1.47475  3 
 0.0328283  1.49032  3 
 0.032725  1.49495  3 
 0.0328283  1.49633  3 
 0.0336803  1.51515  3 
 0.0343117  1.53535  3 
 0.0339046  1.55556  3 

# Contour 13, label: 
 0.218042  0  3 
 0.217172  0.00151355  3 
 0.214646  0.00583961  3 
 0.212121  0.0100957  3 
 0.209596  0.0142904  3 
 0.207071  0.0184261  3 
 0.205976  0.020202  3 
 0.204545  0.0226117  3 
 0.20202  0.0268315  3 
 0.199495  0.0310063  3 
 0.19697  0.0351375  3 
 0.194444  0.039226  3 
 0.193713  0.040404  3 
 0.191919  0.0434257  3 
 0.189394  0.0476468  3 
 0.186869  0.051826  3 
 0.184343  0.0559619  3 
 0.181818  0.0600528  3 
 0.181475  0.0606061  3 
 0.179293  0.0643129  3 
 0.176768  0.068571  3 
 0.174242  0.0727945  3 
 0.171717  0.0769847  3 
 0.169396  0.0808081  3 
 0.169192  0.0811654  3 
 0.166667  0.0855793  3 
 0.164141  0.089976  3 
 0.161616  0.0943578  3 
 0.159091  0.0987273  3 
 0.15777  0.10101  3 
 0.156566  0.103239  3 
 0.15404  0.107921  3 
 0.151515  0.112615  3 
 0.14899  0.117324  3 
 0.146914  0.121212  3 
 0.146465  0.122118  3 
 0.143939  0.127247  3 
 0.141414  0.132426  3 
 0.138889  0.137663  3 
 0.137101  0.141414  3 
 0.136364  0.143088  3 
 0.133838  0.148902  3 
 0.131313  0.154824  3 
 0.128788  0.160866  3 
 0.128479  0.161616  3 
 0.126263  0.167482  3 
 0.123737  0.174331  3 
 0.121212  0.181368  3 
 0.121054  0.181818  3 
 0.118687  0.189166  3 
 0.116162  0.19725  3 
 0.114714  0.20202  3 
 0.113636  0.205893  3 
 0.111111  0.215235  3 
 0.109282  0.222222  3 
 0.108586  0.225123  3 
 0.106061  0.235939  3 
 0.104594  0.242424  3 
 0.103535  0.247505  3 
 0.10101  0.260001  3 
 0.100494  0.262626  3 
 0.0984848  0.273669  3 
 0.0968693  0.282828  3 
 0.0959596  0.288365  3 
 0.0936213  0.30303  3 
 0.0934343  0.304283  3 
 0.0909091  0.321677  3 
 0.0906897  0.323232  3 
 0.0883838  0.340592  3 
 0.0880171  0.343434  3 
 0.0858586  0.361014  3 
 0.0855461  0.363636  3 
 0.0833333  0.382884  3 
 0.0832272  0.383838  3 
 0.0811237  0.40404  3 
 0.0808081  0.4074  3 
 0.0792756  0.424242  3 
 0.0782828  0.435503  3 
 0.0775119  0.444444  3 
 0.0758291  0.464646  3 
 0.0757576  0.465541  3 
 0.0742545  0.484848  3 
 0.0732323  0.498592  3 
 0.0727651  0.505051  3 
 0.07136  0.525253  3 
 0.0707071  0.535003  3 
 0.0700263  0.545455  3 
 0.0687566  0.565657  3 
 0.0681818  0.575094  3 
 0.067544  0.585859  3 
 0.0663893  0.606061  3 
 0.0656566  0.619348  3 
 0.0652859  0.626263  3 
 0.0642423  0.646465  3 
 0.0632484  0.666667  3 
 0.0631313  0.669125  3 
 0.062309  0.686869  3 
 0.0614154  0.707071  3 
 0.0606061  0.726083  3 


# Contour 14, label:     2.75
 0.0682132  1.23232  2.75 
 0.0681818  1.23045  2.75 
 0.0681566  1.23232  2.75 
 0.0681818  1.23248  2.75 
 0.0682132  1.23232  2.75 

# Contour 15, label: 
 0.0353535  0.959866  2.75 
 0.0347428  0.969697  2.75 
 0.0352663  0.989899  2.75 
 0.0353535  0.99271  2.75 
 0.0357982  1.0101  2.75 
 0.035456  1.0303  2.75 
 0.0353535  1.04082  2.75 
 0.0352832  1.05051  2.75 
 0.0353535  1.05397  2.75 
 0.0357593  1.07071  2.75 
 0.0353535  1.08059  2.75 
 0.0350615  1.09091  2.75 
 0.0353535  1.10181  2.75 
 0.0356392  1.11111  2.75 
 0.0359586  1.13131  2.75 
 0.0369361  1.15152  2.75 
 0.0353535  1.16537  2.75 
 0.034852  1.17172  2.75 
 0.0353535  1.17826  2.75 
 0.0364951  1.19192  2.75 
 0.0369412  1.21212  2.75 
 0.036075  1.23232  2.75 
 0.0364718  1.25253  2.75 
 0.0368382  1.27273  2.75 
 0.0360468  1.29293  2.75 
 0.0362371  1.31313  2.75 
 0.0366049  1.33333  2.75 
 0.037321  1.35354  2.75 
 0.0368279  1.37374  2.75 
 0.0367946  1.39394  2.75 
 0.036801  1.41414  2.75 
 0.037154  1.43434  2.75 
 0.0369429  1.45455  2.75 
 0.0375242  1.47475  2.75 
 0.0370686  1.49495  2.75 
 0.0378788  1.51508  2.75 
 0.0378808  1.51515  2.75 
 0.0378788  1.51553  2.75 
 0.0377246  1.53535  2.75 
 0.0362877  1.55556  2.75 
 0.0372757  1.57576  2.75 
 0.0378788  1.5813  2.75 
 0.0391004  1.59596  2.75 
 0.0378788  1.60904  2.75 
 0.0368242  1.61616  2.75 
 0.0370652  1.63636  2.75 
 0.0374949  1.65657  2.75 
 0.0365812  1.67677  2.75 
 0.0378788  1.68843  2.75 
 0.0382993  1.69697  2.75 
 0.0378788  1.70974  2.75 
 0.0375529  1.71717  2.75 
 0.0378788  1.72481  2.75 
 0.0388418  1.73737  2.75 
 0.0378788  1.75008  2.75 
 0.0375528  1.75758  2.75 
 0.0377073  1.77778  2.75 
 0.0378073  1.79798  2.75 
 0.037468  1.81818  2.75 
 0.0378474  1.83838  2.75 
 0.0378788  1.83923  2.75 
 0.0384631  1.85859  2.75 
 0.0384983  1.87879  2.75 
 0.038198  1.89899  2.75 
 0.0378788  1.90773  2.75 
 0.0376245  1.91919  2.75 
 0.0378788  1.92361  2.75 
 0.0390553  1.93939  2.75 
 0.0392428  1.9596  2.75 
 0.0379478  1.9798  2.75 
 0.0380746  2  2.75 

# Contour 16, label: 
 0.0893145  0.747475  2.75 
 0.0883838  0.763009  2.75 
 0.0881095  0.767677  2.75 
 0.0869145  0.787879  2.75 
 0.0858586  0.807041  2.75 
 0.085803  0.808081  2.75 
 0.0848372  0.828283  2.75 
 0.0838753  0.848485  2.75 
 0.0833333  0.859789  2.75 
 0.0829151  0.868687  2.75 
 0.0819702  0.888889  2.75 
 0.0810683  0.909091  2.75 
 0.0808081  0.914847  2.75 
 0.0801659  0.929293  2.75 
 0.0793039  0.949495  2.75 
 0.0784448  0.969697  2.75 
 0.0782828  0.973617  2.75 
 0.0776231  0.989899  2.75 
 0.0768025  1.0101  2.75 
 0.0760174  1.0303  2.75 
 0.0757576  1.03708  2.75 
 0.0752542  1.05051  2.75 
 0.0745379  1.07071  2.75 
 0.0738357  1.09091  2.75 
 0.0732323  1.1086  2.75 
 0.0731491  1.11111  2.75 
 0.0724756  1.13131  2.75 
 0.0719279  1.15152  2.75 
 0.0713727  1.17172  2.75 
 0.0709599  1.19192  2.75 
 0.0707071  1.19902  2.75 
 0.0681818  1.19586  2.75 
 0.0656566  1.1987  2.75 
 0.0632409  1.21212  2.75 
 0.0631313  1.21219  2.75 
 0.0631239  1.21212  2.75 
 0.0630191  1.19192  2.75 
 0.0622799  1.17172  2.75 
 0.0631313  1.17002  2.75 
 0.0656566  1.16945  2.75 
 0.0680355  1.15152  2.75 
 0.0675852  1.13131  2.75 
 0.0656566  1.11764  2.75 
 0.0652788  1.11111  2.75 
 0.0631313  1.09501  2.75 
 0.0617975  1.09091  2.75 
 0.0606061  1.0807  2.75 
 0.0603647  1.07071  2.75 
 0.059794  1.05051  2.75 
 0.0580808  1.03499  2.75 
 0.0577166  1.0303  2.75 
 0.0555556  1.01437  2.75 
 0.0549327  1.0101  2.75 
 0.0551724  0.989899  2.75 
 0.0530303  0.972547  2.75 
 0.0525358  0.969697  2.75 
 0.0505051  0.953394  2.75 
 0.0502338  0.949495  2.75 
 0.0505051  0.941604  2.75 
 0.0513748  0.929293  2.75 
 0.0505051  0.918187  2.75 
 0.0501833  0.909091  2.75 
 0.0498501  0.888889  2.75 
 0.0479798  0.869031  2.75 
 0.0479423  0.868687  2.75 
 0.047627  0.848485  2.75 
 0.0472364  0.828283  2.75 
 0.046595  0.808081  2.75 
 0.0479798  0.80132  2.75 
 0.0496946  0.787879  2.75 
 0.0479798  0.774572  2.75 
 0.0454545  0.771434  2.75 
 0.0446212  0.767677  2.75 
 0.0448468  0.747475  2.75 
 0.0429293  0.731331  2.75 
 0.0422954  0.727273  2.75 
 0.040404  0.709668  2.75 
 0.0399153  0.707071  2.75 
 0.0378788  0.694496  2.75 
 0.0353535  0.701331  2.75 
 0.0339316  0.707071  2.75 
 0.0335665  0.727273  2.75 
 0.0328283  0.745294  2.75 
 0.0327768  0.747475  2.75 
 0.0328283  0.755067  2.75 
 0.0353535  0.763343  2.75 
 0.0355163  0.767677  2.75 
 0.0353535  0.769445  2.75 
 0.0339665  0.787879  2.75 
 0.033785  0.808081  2.75 
 0.033464  0.828283  2.75 
 0.034188  0.848485  2.75 
 0.0339028  0.868687  2.75 
 0.0345503  0.888889  2.75 
 0.0344589  0.909091  2.75 
 0.0345844  0.929293  2.75 
 0.0353535  0.942106  2.75 
 0.0358589  0.949495  2.75 
 0.0353535  0.959866  2.75 

# Contour 17, label: 
 0.25  0.0521381  2.75 
 0.247475  0.0564383  2.75 
 0.245157  0.0606061  2.75 
 0.244949  0.060991  2.75 
 0.242424  0.0656622  2.75 
 0.239899  0.0702906  2.75 
 0.237374  0.0748757  2.75 
 0.234848  0.0794171  2.75 
 0.234071  0.0808081  2.75 
 0.232323  0.0840417  2.75 
 0.229798  0.0886835  2.75 
 0.227273  0.0932877  2.75 
 0.224747  0.0978548  2.75 
 0.222992  0.10101  2.75 
 0.222222  0.102445  2.75 
 0.219697  0.107139  2.75 
 0.217172  0.111804  2.75 
 0.214646  0.116441  2.75 
 0.212121  0.121053  2.75 
 0.212034  0.121212  2.75 
 0.209596  0.125841  2.75 
 0.207071  0.13062  2.75 
 0.204545  0.135383  2.75 
 0.20202  0.140134  2.75 
 0.20134  0.141414  2.75 
 0.199495  0.145039  2.75 
 0.19697  0.150002  2.75 
 0.194444  0.154968  2.75 
 0.191919  0.159937  2.75 
 0.191068  0.161616  2.75 
 0.189394  0.165084  2.75 
 0.186869  0.170335  2.75 
 0.184343  0.17561  2.75 
 0.181818  0.180914  2.75 
 0.18139  0.181818  2.75 
 0.179293  0.186502  2.75 
 0.176768  0.192191  2.75 
 0.174242  0.197935  2.75 
 0.172465  0.20202  2.75 
 0.171717  0.203848  2.75 
 0.169192  0.210095  2.75 
 0.166667  0.216432  2.75 
 0.164394  0.222222  2.75 
 0.164141  0.222911  2.75 
 0.161616  0.229897  2.75 
 0.159091  0.237018  2.75 
 0.157209  0.242424  2.75 
 0.156566  0.244412  2.75 
 0.15404  0.252348  2.75 
 0.151515  0.260471  2.75 
 0.150858  0.262626  2.75 
 0.14899  0.269207  2.75 
 0.146465  0.27832  2.75 
 0.145243  0.282828  2.75 
 0.143939  0.287983  2.75 
 0.141414  0.298209  2.75 
 0.140252  0.30303  2.75 
 0.138889  0.309058  2.75 
 0.136364  0.32051  2.75 
 0.135777  0.323232  2.75 
 0.133838  0.332772  2.75 
 0.131728  0.343434  2.75 
 0.131313  0.345644  2.75 
 0.128788  0.359417  2.75 
 0.128035  0.363636  2.75 
 0.126263  0.374087  2.75 
 0.124671  0.383838  2.75 
 0.123737  0.389902  2.75 
 0.121623  0.40404  2.75 
 0.121212  0.406859  2.75 
 0.118694  0.424242  2.75 
 0.118687  0.424295  2.75 
 0.116162  0.442861  2.75 
 0.11595  0.444444  2.75 
 0.113636  0.462806  2.75 
 0.113409  0.464646  2.75 
 0.111111  0.484186  2.75 
 0.111035  0.484848  2.75 
 0.108803  0.505051  2.75 
 0.108586  0.507088  2.75 
 0.106694  0.525253  2.75 
 0.106061  0.531555  2.75 
 0.104694  0.545455  2.75 
 0.103535  0.557624  2.75 
 0.102788  0.565657  2.75 
 0.10101  0.585379  2.75 
 0.100968  0.585859  2.75 
 0.0992415  0.606061  2.75 
 0.0984848  0.615249  2.75 
 0.0975977  0.626263  2.75 
 0.0960348  0.646465  2.75 
 0.0959596  0.647474  2.75 
 0.0945608  0.666667  2.75 
 0.0934343  0.68277  2.75 
 0.0931538  0.686869  2.75 
 0.0918181  0.707071  2.75 
 0.0909091  0.721347  2.75 
 0.0905408  0.727273  2.75 
 0.0893145  0.747475  2.75 


# Contour 18, label:      2.5
 0.040886  0.767677  2.5 
 0.040404  0.764342  2.5 
 0.0398249  0.767677  2.5 
 0.040404  0.769362  2.5 
 0.040886  0.767677  2.5 

# Contour 19, label: 
 0.0440551  0.808081  2.5 
 0.0429293  0.805568  2.5 
 0.0426831  0.808081  2.5 
 0.0429293  0.809262  2.5 
 0.0440551  0.808081  2.5 

# Contour 20, label: 
 0.0685434  1.27273  2.5 
 0.0681818  1.27023  2.5 
 0.0677594  1.27273  2.5 
 0.0681723  1.29293  2.5 
 0.0681818  1.29302  2.5 
 0.0681879  1.29293  2.5 
 0.0685434  1.27273  2.5 

# Contour 21, label: 
 0.0725709  1.23232  2.5 
 0.0707071  1.21798  2.5 
 0.0689459  1.23232  2.5 
 0.0707071  1.24701  2.5 
 0.0725709  1.23232  2.5 

# Contour 22, label: 
 0.0407687  2  2.5 
 0.0415245  1.9798  2.5 
 0.040404  1.97468  2.5 
 0.0398822  1.9798  2.5 
 0.0403616  2  2.5 

# Contour 23, label: 
 0.0454545  0.775827  2.5 
 0.0436466  0.767677  2.5 
 0.0436779  0.747475  2.5 
 0.0429293  0.741173  2.5 
 0.0407584  0.727273  2.5 
 0.040404  0.723974  2.5 
 0.039705  0.727273  2.5 
 0.0378788  0.738333  2.5 
 0.0367342  0.747475  2.5 
 0.0370084  0.767677  2.5 
 0.0353535  0.785652  2.5 
 0.035186  0.787879  2.5 
 0.0348767  0.808081  2.5 
 0.0353535  0.825652  2.5 
 0.0378788  0.817437  2.5 
 0.038162  0.828283  2.5 
 0.0384794  0.848485  2.5 
 0.0389052  0.868687  2.5 
 0.0380742  0.888889  2.5 
 0.0384347  0.909091  2.5 
 0.0378788  0.923187  2.5 
 0.0376681  0.929293  2.5 
 0.0378788  0.933131  2.5 
 0.0388687  0.949495  2.5 
 0.0387556  0.969697  2.5 
 0.038588  0.989899  2.5 
 0.0391839  1.0101  2.5 
 0.0398899  1.0303  2.5 
 0.0394463  1.05051  2.5 
 0.0388726  1.07071  2.5 
 0.0383765  1.09091  2.5 
 0.0392945  1.11111  2.5 
 0.0398297  1.13131  2.5 
 0.040404  1.14961  2.5 
 0.0404448  1.15152  2.5 
 0.0410874  1.17172  2.5 
 0.0404825  1.19192  2.5 
 0.040404  1.19479  2.5 
 0.0397361  1.21212  2.5 
 0.0378788  1.23125  2.5 
 0.0378159  1.23232  2.5 
 0.0378788  1.23425  2.5 
 0.040404  1.24436  2.5 
 0.0412285  1.25253  2.5 
 0.040404  1.26922  2.5 
 0.0401985  1.27273  2.5 
 0.0401226  1.29293  2.5 
 0.040404  1.30224  2.5 
 0.0405212  1.31313  2.5 
 0.040404  1.32159  2.5 
 0.0402127  1.33333  2.5 
 0.040404  1.34874  2.5 
 0.0404778  1.35354  2.5 
 0.0405374  1.37374  2.5 
 0.040578  1.39394  2.5 
 0.0405887  1.41414  2.5 
 0.0406297  1.43434  2.5 
 0.0412145  1.45455  2.5 
 0.0415566  1.47475  2.5 
 0.0409914  1.49495  2.5 
 0.0410884  1.51515  2.5 
 0.0416214  1.53535  2.5 
 0.0408274  1.55556  2.5 
 0.0421846  1.57576  2.5 
 0.0410704  1.59596  2.5 
 0.0407223  1.61616  2.5 
 0.040404  1.62379  2.5 
 0.0396384  1.63636  2.5 
 0.0401054  1.65657  2.5 
 0.040404  1.66049  2.5 
 0.0415981  1.67677  2.5 
 0.0410089  1.69697  2.5 
 0.0416275  1.71717  2.5 
 0.04209  1.73737  2.5 
 0.0418367  1.75758  2.5 
 0.0417172  1.77778  2.5 
 0.0417939  1.79798  2.5 
 0.0419914  1.81818  2.5 
 0.0417148  1.83838  2.5 
 0.0419498  1.85859  2.5 
 0.042431  1.87879  2.5 
 0.0416367  1.89899  2.5 
 0.0429293  1.91677  2.5 
 0.0430523  1.91919  2.5 
 0.0429293  1.92093  2.5 
 0.0415695  1.93939  2.5 
 0.0429293  1.95505  2.5 
 0.0434514  1.9596  2.5 
 0.0438202  1.9798  2.5 
 0.0431192  2  2.5 

# Contour 24, label: 
 0.107283  1.0303  2.5 
 0.106226  1.05051  2.5 
 0.106061  1.05376  2.5 
 0.105214  1.07071  2.5 
 0.104233  1.09091  2.5 
 0.103535  1.10549  2.5 
 0.103272  1.11111  2.5 
 0.102359  1.13131  2.5 
 0.101465  1.15152  2.5 
 0.10101  1.16195  2.5 
 0.100593  1.17172  2.5 
 0.0997278  1.19192  2.5 
 0.0988952  1.21212  2.5 
 0.0984848  1.22225  2.5 
 0.0980782  1.23232  2.5 
 0.0972475  1.25253  2.5 
 0.0959596  1.25273  2.5 
 0.0934343  1.25304  2.5 
 0.0932882  1.25253  2.5 
 0.0933388  1.23232  2.5 
 0.0909091  1.21344  2.5 
 0.0883838  1.21338  2.5 
 0.0882192  1.21212  2.5 
 0.0858586  1.19362  2.5 
 0.0835731  1.21212  2.5 
 0.0833333  1.21445  2.5 
 0.0811323  1.23232  2.5 
 0.0810496  1.25253  2.5 
 0.0833333  1.27116  2.5 
 0.0842277  1.27273  2.5 
 0.0858586  1.28736  2.5 
 0.0870664  1.29293  2.5 
 0.0883838  1.30511  2.5 
 0.0909091  1.31262  2.5 
 0.0934343  1.31294  2.5 
 0.0947666  1.31313  2.5 
 0.0935925  1.33333  2.5 
 0.0934343  1.33435  2.5 
 0.0909091  1.33916  2.5 
 0.0883838  1.33503  2.5 
 0.0858586  1.33422  2.5 
 0.0850348  1.33333  2.5 
 0.0833333  1.32279  2.5 
 0.0808081  1.31433  2.5 
 0.0806119  1.31313  2.5 
 0.0806033  1.29293  2.5 
 0.0782828  1.27564  2.5 
 0.0757576  1.27557  2.5 
 0.0732323  1.27515  2.5 
 0.0728438  1.27273  2.5 
 0.0707071  1.25648  2.5 
 0.0702765  1.25253  2.5 
 0.0681818  1.2362  2.5 
 0.0675683  1.23232  2.5 
 0.0656566  1.21556  2.5 
 0.0631313  1.21701  2.5 
 0.0626328  1.21212  2.5 
 0.0626002  1.19192  2.5 
 0.0606061  1.17343  2.5 
 0.0603847  1.17172  2.5 
 0.0580808  1.15361  2.5 
 0.0577677  1.15152  2.5 
 0.0580808  1.1492  2.5 
 0.0584083  1.15152  2.5 
 0.0606061  1.1695  2.5 
 0.0631313  1.16403  2.5 
 0.0656566  1.1594  2.5 
 0.0667027  1.15152  2.5 
 0.0656566  1.1392  2.5 
 0.0631313  1.13408  2.5 
 0.0629509  1.13131  2.5 
 0.0631313  1.12145  2.5 
 0.0636854  1.11111  2.5 
 0.0631313  1.10696  2.5 
 0.0606061  1.0939  2.5 
 0.0602043  1.09091  2.5 
 0.0595595  1.07071  2.5 
 0.0580808  1.05206  2.5 
 0.0579291  1.05051  2.5 
 0.0562952  1.0303  2.5 
 0.0555556  1.02485  2.5 
 0.053403  1.0101  2.5 
 0.0539702  0.989899  2.5 
 0.0530303  0.982286  2.5 
 0.0508466  0.969697  2.5 
 0.0505051  0.966955  2.5 
 0.0492907  0.949495  2.5 
 0.0497449  0.929293  2.5 
 0.0493076  0.909091  2.5 
 0.049221  0.888889  2.5 
 0.0479798  0.875711  2.5 
 0.047215  0.868687  2.5 
 0.0468328  0.848485  2.5 
 0.0465502  0.828283  2.5 
 0.0456042  0.808081  2.5 
 0.0479798  0.796483  2.5 
 0.0490775  0.787879  2.5 
 0.0479798  0.779361  2.5 
 0.0454545  0.775827  2.5 

# Contour 25, label: 
 0.25  0.187935  2.5 
 0.247475  0.191226  2.5 
 0.244949  0.196029  2.5 
 0.242424  0.201049  2.5 
 0.241942  0.20202  2.5 
 0.239899  0.206292  2.5 
 0.237374  0.211602  2.5 
 0.234848  0.21693  2.5 
 0.232346  0.222222  2.5 
 0.232323  0.222272  2.5 
 0.229798  0.227881  2.5 
 0.227273  0.233511  2.5 
 0.224747  0.239164  2.5 
 0.223298  0.242424  2.5 
 0.222222  0.244966  2.5 
 0.219697  0.250969  2.5 
 0.217172  0.257012  2.5 
 0.214842  0.262626  2.5 
 0.214646  0.263123  2.5 
 0.212121  0.269579  2.5 
 0.209596  0.276098  2.5 
 0.207071  0.282684  2.5 
 0.207016  0.282828  2.5 
 0.204545  0.28968  2.5 
 0.20202  0.296772  2.5 
 0.199821  0.30303  2.5 
 0.199495  0.304007  2.5 
 0.19697  0.311667  2.5 
 0.194444  0.319449  2.5 
 0.193234  0.323232  2.5 
 0.191919  0.327558  2.5 
 0.189394  0.335998  2.5 
 0.187209  0.343434  2.5 
 0.186869  0.344649  2.5 
 0.184343  0.353801  2.5 
 0.181818  0.363162  2.5 
 0.181693  0.363636  2.5 
 0.179293  0.373101  2.5 
 0.176768  0.383401  2.5 
 0.176663  0.383838  2.5 
 0.174242  0.394548  2.5 
 0.172159  0.40404  2.5 
 0.171717  0.406125  2.5 
 0.169192  0.41808  2.5 
 0.167905  0.424242  2.5 
 0.166667  0.430467  2.5 
 0.164141  0.443368  2.5 
 0.163934  0.444444  2.5 
 0.161616  0.457149  2.5 
 0.160276  0.464646  2.5 
 0.159091  0.471579  2.5 
 0.156868  0.484848  2.5 
 0.156566  0.486726  2.5 
 0.15404  0.502696  2.5 
 0.153675  0.505051  2.5 
 0.151515  0.519471  2.5 
 0.150666  0.525253  2.5 
 0.14899  0.537034  2.5 
 0.147814  0.545455  2.5 
 0.146465  0.555419  2.5 
 0.145103  0.565657  2.5 
 0.143939  0.574672  2.5 
 0.142521  0.585859  2.5 
 0.141414  0.59487  2.5 
 0.140064  0.606061  2.5 
 0.138889  0.616142  2.5 
 0.13773  0.626263  2.5 
 0.136364  0.638655  2.5 
 0.135518  0.646465  2.5 
 0.133838  0.662574  2.5 
 0.13342  0.666667  2.5 
 0.131428  0.686869  2.5 
 0.131313  0.688076  2.5 
 0.129537  0.707071  2.5 
 0.128788  0.715341  2.5 
 0.127728  0.727273  2.5 
 0.126263  0.744318  2.5 
 0.125996  0.747475  2.5 
 0.124343  0.767677  2.5 
 0.123737  0.775381  2.5 
 0.122785  0.787879  2.5 
 0.121289  0.808081  2.5 
 0.121212  0.809105  2.5 
 0.119766  0.828283  2.5 
 0.118687  0.843171  2.5 
 0.118308  0.848485  2.5 
 0.116933  0.868687  2.5 
 0.116162  0.880288  2.5 
 0.115598  0.888889  2.5 
 0.114311  0.909091  2.5 
 0.113636  0.919943  2.5 
 0.113064  0.929293  2.5 
 0.111844  0.949495  2.5 
 0.111111  0.961858  2.5 
 0.110654  0.969697  2.5 
 0.109501  0.989899  2.5 
 0.108586  1.00627  2.5 
 0.108375  1.0101  2.5 
 0.107283  1.0303  2.5 


# Contour 26, label:     2.25
 0.0484603  0.787879  2.25 
 0.0479798  0.78415  2.25 
 0.0454545  0.780221  2.25 
 0.0431228  0.787879  2.25 
 0.0454545  0.801464  2.25 
 0.0479798  0.791646  2.25 
 0.0484603  0.787879  2.25 

# Contour 27, label: 
 0.0691268  1.27273  2.25 
 0.0681818  1.26619  2.25 
 0.0670779  1.27273  2.25 
 0.0673825  1.29293  2.25 
 0.0681818  1.30051  2.25 
 0.0686929  1.29293  2.25 
 0.0691268  1.27273  2.25 

# Contour 28, label: 
 0.0717955  1.23232  2.25 
 0.0707071  1.22395  2.25 
 0.0696786  1.23232  2.25 
 0.0707071  1.2409  2.25 
 0.0717955  1.23232  2.25 

# Contour 29, label: 
 0.0992687  1.27273  2.25 
 0.0984848  1.26707  2.25 
 0.0959596  1.25775  2.25 
 0.0934343  1.25753  2.25 
 0.0920057  1.25253  2.25 
 0.0926713  1.23232  2.25 
 0.0909091  1.21863  2.25 
 0.0883838  1.21711  2.25 
 0.0877334  1.21212  2.25 
 0.0858586  1.19743  2.25 
 0.0840435  1.21212  2.25 
 0.0833333  1.21901  2.25 
 0.0816941  1.23232  2.25 
 0.0815062  1.25253  2.25 
 0.0833333  1.26743  2.25 
 0.0858586  1.27101  2.25 
 0.0860649  1.27273  2.25 
 0.0883838  1.28876  2.25 
 0.0887534  1.29293  2.25 
 0.0909091  1.30866  2.25 
 0.0934343  1.30871  2.25 
 0.0959596  1.30681  2.25 
 0.0984848  1.30314  2.25 
 0.0998545  1.29293  2.25 
 0.0992687  1.27273  2.25 

# Contour 30, label: 
 0.0429293  1.18628  2.25 
 0.0425326  1.19192  2.25 
 0.0429293  1.19817  2.25 
 0.0439396  1.21212  2.25 
 0.0454545  1.23151  2.25 
 0.0455012  1.23232  2.25 
 0.0454545  1.23333  2.25 
 0.0438914  1.25253  2.25 
 0.044099  1.27273  2.25 
 0.044076  1.29293  2.25 
 0.04368  1.31313  2.25 
 0.0443205  1.33333  2.25 
 0.0445617  1.35354  2.25 
 0.0435435  1.37374  2.25 
 0.0447216  1.39394  2.25 
 0.0438568  1.41414  2.25 
 0.0444758  1.43434  2.25 
 0.04489  1.45455  2.25 
 0.0453916  1.47475  2.25 
 0.0446612  1.49495  2.25 
 0.0451739  1.51515  2.25 
 0.0438755  1.53535  2.25 
 0.0454545  1.55222  2.25 
 0.0458517  1.55556  2.25 
 0.0454545  1.56468  2.25 
 0.0449359  1.57576  2.25 
 0.0454545  1.58519  2.25 
 0.0458307  1.59596  2.25 
 0.0454545  1.60154  2.25 
 0.0429293  1.61123  2.25 
 0.042599  1.61616  2.25 
 0.0429293  1.62854  2.25 
 0.0454545  1.63376  2.25 
 0.0456515  1.63636  2.25 
 0.0454545  1.65343  2.25 
 0.0454099  1.65657  2.25 
 0.0448692  1.67677  2.25 
 0.0444885  1.69697  2.25 
 0.0452462  1.71717  2.25 
 0.0450571  1.73737  2.25 
 0.0452734  1.75758  2.25 
 0.0454545  1.76526  2.25 
 0.0457308  1.77778  2.25 
 0.0454545  1.78743  2.25 
 0.045148  1.79798  2.25 
 0.0454545  1.8054  2.25 
 0.0459725  1.81818  2.25 
 0.0454545  1.83378  2.25 
 0.0452827  1.83838  2.25 
 0.0454545  1.8423  2.25 
 0.0461166  1.85859  2.25 
 0.0454993  1.87879  2.25 
 0.0463436  1.89899  2.25 
 0.0454545  1.91118  2.25 
 0.0450721  1.91919  2.25 
 0.0454545  1.9295  2.25 
 0.0461726  1.93939  2.25 
 0.0460907  1.9596  2.25 
 0.0472103  1.9798  2.25 
 0.0454545  1.99027  2.25 
 0.0448459  2  2.25 

# Contour 31, label: 
 0.118527  1.27273  2.25 
 0.116162  1.25504  2.25 
 0.113636  1.25809  2.25 
 0.111356  1.27273  2.25 
 0.111111  1.27354  2.25 
 0.108586  1.2789  2.25 
 0.106419  1.29293  2.25 
 0.106061  1.29472  2.25 
 0.104035  1.31313  2.25 
 0.103535  1.31592  2.25 
 0.101141  1.33333  2.25 
 0.10101  1.33502  2.25 
 0.098971  1.35354  2.25 
 0.0984848  1.35578  2.25 
 0.0959596  1.35691  2.25 
 0.0934343  1.35734  2.25 
 0.0909091  1.35703  2.25 
 0.0896239  1.35354  2.25 
 0.0883838  1.3456  2.25 
 0.0858586  1.33903  2.25 
 0.0833333  1.34458  2.25 
 0.0829435  1.33333  2.25 
 0.0808081  1.31867  2.25 
 0.0799007  1.31313  2.25 
 0.0799663  1.29293  2.25 
 0.0782828  1.28038  2.25 
 0.0757576  1.27975  2.25 
 0.0732323  1.27874  2.25 
 0.0722676  1.27273  2.25 
 0.0707071  1.26086  2.25 
 0.0697992  1.25253  2.25 
 0.0681818  1.23992  2.25 
 0.06698  1.23232  2.25 
 0.0656566  1.22072  2.25 
 0.0631313  1.22183  2.25 
 0.0621416  1.21212  2.25 
 0.0621813  1.19192  2.25 
 0.0606061  1.17732  2.25 
 0.0598832  1.17172  2.25 
 0.0580808  1.15755  2.25 
 0.0571801  1.15152  2.25 
 0.0580808  1.14485  2.25 
 0.0590229  1.15152  2.25 
 0.0606061  1.16447  2.25 
 0.0631313  1.15805  2.25 
 0.0652408  1.15152  2.25 
 0.0631313  1.14242  2.25 
 0.0624075  1.13131  2.25 
 0.0626786  1.11111  2.25 
 0.0606061  1.09822  2.25 
 0.059625  1.09091  2.25 
 0.0587542  1.07071  2.25 
 0.0580808  1.06221  2.25 
 0.0569366  1.05051  2.25 
 0.0555556  1.03548  2.25 
 0.0548823  1.0303  2.25 
 0.0530303  1.01746  2.25 
 0.0522323  1.0101  2.25 
 0.0526757  0.989899  2.25 
 0.0505051  0.977252  2.25 
 0.0492653  0.969697  2.25 
 0.0483475  0.949495  2.25 
 0.0483664  0.929293  2.25 
 0.0484319  0.909091  2.25 
 0.0485918  0.888889  2.25 
 0.0479798  0.882391  2.25 
 0.0464876  0.868687  2.25 
 0.0460386  0.848485  2.25 
 0.045864  0.828283  2.25 
 0.0454545  0.819944  2.25 
 0.0429293  0.818983  2.25 
 0.0406577  0.808081  2.25 
 0.0425821  0.787879  2.25 
 0.040404  0.779069  2.25 
 0.0379632  0.787879  2.25 
 0.0400802  0.808081  2.25 
 0.0398057  0.828283  2.25 
 0.040404  0.834046  2.25 
 0.0416264  0.848485  2.25 
 0.0419042  0.868687  2.25 
 0.0407561  0.888889  2.25 
 0.0421166  0.909091  2.25 
 0.0414816  0.929293  2.25 
 0.0423201  0.949495  2.25 
 0.0424499  0.969697  2.25 
 0.0418717  0.989899  2.25 
 0.0425105  1.0101  2.25 
 0.0424972  1.0303  2.25 
 0.0429293  1.03942  2.25 
 0.0436344  1.05051  2.25 
 0.0435037  1.07071  2.25 
 0.0429293  1.08378  2.25 
 0.0425925  1.09091  2.25 
 0.0425349  1.11111  2.25 
 0.0429293  1.12352  2.25 
 0.0432544  1.13131  2.25 
 0.0439209  1.15152  2.25 
 0.0438031  1.17172  2.25 
 0.0429293  1.18628  2.25 

# Contour 32, label: 
 0.25  0.364291  2.25 
 0.247475  0.371277  2.25 
 0.244949  0.378503  2.25 
 0.243098  0.383838  2.25 
 0.242424  0.38586  2.25 
 0.239899  0.393509  2.25 
 0.237374  0.401245  2.25 
 0.236472  0.40404  2.25 
 0.234848  0.409337  2.25 
 0.232323  0.417744  2.25 
 0.230409  0.424242  2.25 
 0.229798  0.426387  2.25 
 0.227273  0.43536  2.25 
 0.224747  0.444422  2.25 
 0.224741  0.444444  2.25 
 0.222222  0.45392  2.25 
 0.219697  0.463566  2.25 
 0.219418  0.464646  2.25 
 0.217172  0.473692  2.25 
 0.214646  0.484045  2.25 
 0.214453  0.484848  2.25 
 0.212121  0.494923  2.25 
 0.209821  0.505051  2.25 
 0.209596  0.506075  2.25 
 0.207071  0.517771  2.25 
 0.205485  0.525253  2.25 
 0.204545  0.529834  2.25 
 0.20202  0.542364  2.25 
 0.201408  0.545455  2.25 
 0.199495  0.555411  2.25 
 0.197562  0.565657  2.25 
 0.19697  0.568896  2.25 
 0.194444  0.582932  2.25 
 0.193927  0.585859  2.25 
 0.191919  0.597571  2.25 
 0.19049  0.606061  2.25 
 0.189394  0.612796  2.25 
 0.187241  0.626263  2.25 
 0.186869  0.628676  2.25 
 0.184343  0.645337  2.25 
 0.184175  0.646465  2.25 
 0.181818  0.662876  2.25 
 0.181282  0.666667  2.25 
 0.179293  0.681271  2.25 
 0.178542  0.686869  2.25 
 0.176768  0.700569  2.25 
 0.175938  0.707071  2.25 
 0.174242  0.720804  2.25 
 0.173456  0.727273  2.25 
 0.171717  0.742027  2.25 
 0.171085  0.747475  2.25 
 0.169192  0.764451  2.25 
 0.168838  0.767677  2.25 
 0.166734  0.787879  2.25 
 0.166667  0.788524  2.25 
 0.164642  0.808081  2.25 
 0.164141  0.812862  2.25 
 0.162552  0.828283  2.25 
 0.161616  0.837684  2.25 
 0.160557  0.848485  2.25 
 0.159091  0.864066  2.25 
 0.158663  0.868687  2.25 
 0.156841  0.888889  2.25 
 0.156566  0.892016  2.25 
 0.155082  0.909091  2.25 
 0.15404  0.921328  2.25 
 0.153372  0.929293  2.25 
 0.151708  0.949495  2.25 
 0.151515  0.951875  2.25 
 0.150091  0.969697  2.25 
 0.14899  0.983711  2.25 
 0.148511  0.989899  2.25 
 0.146977  1.0101  2.25 
 0.146465  1.01699  2.25 
 0.145491  1.0303  2.25 
 0.144052  1.05051  2.25 
 0.143939  1.05213  2.25 
 0.14267  1.07071  2.25 
 0.141414  1.08959  2.25 
 0.141328  1.09091  2.25 
 0.140036  1.11111  2.25 
 0.138889  1.12948  2.25 
 0.138776  1.13131  2.25 
 0.137548  1.15152  2.25 
 0.136364  1.17087  2.25 
 0.136313  1.17172  2.25 
 0.135095  1.19192  2.25 
 0.133972  1.21212  2.25 
 0.133838  1.21215  2.25 
 0.131348  1.23232  2.25 
 0.131313  1.23257  2.25 
 0.128788  1.23299  2.25 
 0.126263  1.23338  2.25 
 0.123886  1.25253  2.25 
 0.123737  1.2538  2.25 
 0.121212  1.25507  2.25 
 0.118924  1.27273  2.25 
 0.118687  1.27432  2.25 
 0.118527  1.27273  2.25 


# Contour 33, label:        2
 0.0457603  0.868687  2 
 0.0454545  0.85629  2 
 0.0444236  0.868687  2 
 0.0446863  0.888889  2 
 0.0453528  0.909091  2 
 0.0454545  0.923555  2 
 0.045612  0.909091  2 
 0.0472931  0.888889  2 
 0.0457603  0.868687  2 

# Contour 34, label: 
 0.0474003  0.787879  2 
 0.0454545  0.784614  2 
 0.0444605  0.787879  2 
 0.0454545  0.79367  2 
 0.0474003  0.787879  2 

# Contour 35, label: 
 0.0512809  1.21212  2 
 0.0505051  1.20842  2 
 0.0498372  1.21212  2 
 0.0505051  1.21895  2 
 0.0512809  1.21212  2 

# Contour 36, label: 
 0.0521526  1.05051  2 
 0.0505051  1.04131  2 
 0.0486221  1.05051  2 
 0.0505051  1.05916  2 
 0.0521526  1.05051  2 

# Contour 37, label: 
 0.0697102  1.27273  2 
 0.0681818  1.26216  2 
 0.0661496  1.25253  2 
 0.0656566  1.24613  2 
 0.0652518  1.25253  2 
 0.0656566  1.25956  2 
 0.0663964  1.27273  2 
 0.0665927  1.29293  2 
 0.0681818  1.308  2 
 0.0691978  1.29293  2 
 0.0697102  1.27273  2 

# Contour 38, label: 
 0.07102  1.23232  2 
 0.0707071  1.22991  2 
 0.0704114  1.23232  2 
 0.0707071  1.23479  2 
 0.07102  1.23232  2 

# Contour 39, label: 
 0.0735067  1.37374  2 
 0.0732323  1.37222  2 
 0.0730055  1.37374  2 
 0.0732323  1.37508  2 
 0.0735067  1.37374  2 

# Contour 40, label: 
 0.0978777  1.27273  2 
 0.0959596  1.26278  2 
 0.0934343  1.26202  2 
 0.0909091  1.25353  2 
 0.0907572  1.25253  2 
 0.0909091  1.25089  2 
 0.0920037  1.23232  2 
 0.0909091  1.22382  2 
 0.0883838  1.22084  2 
 0.0872476  1.21212  2 
 0.0858586  1.20123  2 
 0.0845138  1.21212  2 
 0.0833333  1.22357  2 
 0.0822559  1.23232  2 
 0.0819629  1.25253  2 
 0.0833333  1.26371  2 
 0.0858586  1.26364  2 
 0.0869513  1.27273  2 
 0.0883838  1.28263  2 
 0.0892961  1.29293  2 
 0.0909091  1.3047  2 
 0.0934343  1.30447  2 
 0.0959596  1.30023  2 
 0.0982591  1.29293  2 
 0.0978777  1.27273  2 

# Contour 41, label: 
 0.117121  1.29293  2 
 0.116162  1.28694  2 
 0.115206  1.29293  2 
 0.116162  1.29907  2 
 0.117121  1.29293  2 

# Contour 42, label: 
 0.171828  1.27273  2 
 0.171717  1.27239  2 
 0.169192  1.27229  2 
 0.169008  1.27273  2 
 0.169192  1.27413  2 
 0.171717  1.273  2 
 0.171828  1.27273  2 

# Contour 43, label: 
 0.175712  1.23232  2 
 0.174242  1.22333  2 
 0.174224  1.23232  2 
 0.174242  1.23251  2 
 0.175712  1.23232  2 

# Contour 44, label: 
 0.0479798  1.44118  2 
 0.0476193  1.45455  2 
 0.0479798  1.46503  2 
 0.048489  1.47475  2 
 0.0485853  1.49495  2 
 0.0492971  1.51515  2 
 0.0486456  1.53535  2 
 0.0487549  1.55556  2 
 0.0493278  1.57576  2 
 0.0479798  1.58697  2 
 0.0474185  1.59596  2 
 0.0479798  1.60584  2 
 0.0487332  1.61616  2 
 0.0479798  1.63251  2 
 0.0477933  1.63636  2 
 0.0479798  1.63986  2 
 0.0491172  1.65657  2 
 0.0491422  1.67677  2 
 0.0486493  1.69697  2 
 0.0491363  1.71717  2 
 0.0484093  1.73737  2 
 0.049107  1.75758  2 
 0.0490544  1.77778  2 
 0.0493185  1.79798  2 
 0.0496448  1.81818  2 
 0.049291  1.83838  2 
 0.0497351  1.85859  2 
 0.0492326  1.87879  2 
 0.0499329  1.89899  2 
 0.0503781  1.91919  2 
 0.0500914  1.93939  2 
 0.0486234  1.9596  2 
 0.0491664  1.9798  2 
 0.0504966  2  2 

# Contour 45, label: 
 0.124625  1.25253  2 
 0.123737  1.26012  2 
 0.121212  1.26397  2 
 0.120077  1.27273  2 
 0.118687  1.28209  2 
 0.117745  1.27273  2 
 0.116162  1.26088  2 
 0.113636  1.26916  2 
 0.11308  1.27273  2 
 0.111111  1.27925  2 
 0.108586  1.28908  2 
 0.107991  1.29293  2 
 0.106061  1.30257  2 
 0.104899  1.31313  2 
 0.103535  1.32075  2 
 0.101805  1.33333  2 
 0.10101  1.3436  2 
 0.0999156  1.35354  2 
 0.0984848  1.36014  2 
 0.0959596  1.36112  2 
 0.0934343  1.3616  2 
 0.0909091  1.36153  2 
 0.0883838  1.3551  2 
 0.0881066  1.35354  2 
 0.0858586  1.34383  2 
 0.0838415  1.35354  2 
 0.0833333  1.35664  2 
 0.0828889  1.35354  2 
 0.0823117  1.33333  2 
 0.0808081  1.32301  2 
 0.0791895  1.31313  2 
 0.0793293  1.29293  2 
 0.0782828  1.28513  2 
 0.0757576  1.28393  2 
 0.0732323  1.28233  2 
 0.0716915  1.27273  2 
 0.0707071  1.26524  2 
 0.0693219  1.25253  2 
 0.0681818  1.24364  2 
 0.0663917  1.23232  2 
 0.0656566  1.22588  2 
 0.0631313  1.22664  2 
 0.0616505  1.21212  2 
 0.0617624  1.19192  2 
 0.0606061  1.1812  2 
 0.0593817  1.17172  2 
 0.0580808  1.1615  2 
 0.0565925  1.15152  2 
 0.0580808  1.1405  2 
 0.0596376  1.15152  2 
 0.0606061  1.15944  2 
 0.0631313  1.15206  2 
 0.0633086  1.15152  2 
 0.0631313  1.15075  2 
 0.0618641  1.13131  2 
 0.0619846  1.11111  2 
 0.0606061  1.10254  2 
 0.0590457  1.09091  2 
 0.0580808  1.07251  2 
 0.0578358  1.07071  2 
 0.0559441  1.05051  2 
 0.0555556  1.04628  2 
 0.0534786  1.0303  2 
 0.0530303  1.02719  2 
 0.0511772  1.0101  2 
 0.0510505  0.989899  2 
 0.0505051  0.986721  2 
 0.0479798  0.977206  2 
 0.0454545  0.989832  2 
 0.0454509  0.989899  2 
 0.0454545  0.989969  2 
 0.0466132  1.0101  2 
 0.0466243  1.0303  2 
 0.0473453  1.05051  2 
 0.0465176  1.07071  2 
 0.0455227  1.09091  2 
 0.0468206  1.11111  2 
 0.0462977  1.13131  2 
 0.0472059  1.15152  2 
 0.0455717  1.17172  2 
 0.0459704  1.19192  2 
 0.0461193  1.21212  2 
 0.0472101  1.23232  2 
 0.0477457  1.25253  2 
 0.0479798  1.25804  2 
 0.0484373  1.27273  2 
 0.0479798  1.27971  2 
 0.0472648  1.29293  2 
 0.0472021  1.31313  2 
 0.0477439  1.33333  2 
 0.0479798  1.3423  2 
 0.0481909  1.35354  2 
 0.0481306  1.37374  2 
 0.0479798  1.38228  2 
 0.0477998  1.39394  2 
 0.0473295  1.41414  2 
 0.0479798  1.42844  2 
 0.048206  1.43434  2 
 0.0479798  1.44118  2 

# Contour 46, label: 
 0.25  0.629781  2 
 0.247475  0.637272  2 
 0.245364  0.646465  2 
 0.244949  0.648352  2 
 0.242424  0.660416  2 
 0.241149  0.666667  2 
 0.239899  0.673041  2 
 0.237374  0.686169  2 
 0.237241  0.686869  2 
 0.234848  0.699978  2 
 0.233576  0.707071  2 
 0.232323  0.71429  2 
 0.230107  0.727273  2 
 0.229798  0.729141  2 
 0.227273  0.744637  2 
 0.226818  0.747475  2 
 0.224747  0.760787  2 
 0.223697  0.767677  2 
 0.222222  0.77777  2 
 0.22078  0.787879  2 
 0.219697  0.795599  2 
 0.217958  0.808081  2 
 0.217172  0.813693  2 
 0.215147  0.828283  2 
 0.214646  0.832018  2 
 0.212465  0.848485  2 
 0.212121  0.85118  2 
 0.209916  0.868687  2 
 0.209596  0.871295  2 
 0.207467  0.888889  2 
 0.207071  0.892234  2 
 0.205101  0.909091  2 
 0.204545  0.913937  2 
 0.202808  0.929293  2 
 0.20202  0.936377  2 
 0.20058  0.949495  2 
 0.199495  0.95953  2 
 0.19841  0.969697  2 
 0.19697  0.983404  2 
 0.196296  0.989899  2 
 0.194444  1.00808  2 
 0.194241  1.0101  2 
 0.192253  1.0303  2 
 0.191919  1.03378  2 
 0.190334  1.05051  2 
 0.189394  1.0607  2 
 0.188483  1.07071  2 
 0.186869  1.0889  2 
 0.186693  1.09091  2 
 0.184965  1.11111  2 
 0.184343  1.11854  2 
 0.183289  1.13131  2 
 0.181818  1.14943  2 
 0.181651  1.15152  2 
 0.180041  1.17172  2 
 0.179293  1.17214  2 
 0.176855  1.19192  2 
 0.176768  1.19211  2 
 0.174242  1.20776  2 
 0.174177  1.19192  2 
 0.171717  1.17308  2 
 0.169385  1.19192  2 
 0.169192  1.2071  2 
 0.168559  1.21212  2 
 0.166667  1.21338  2 
 0.164141  1.21368  2 
 0.16184  1.23232  2 
 0.161616  1.23717  2 
 0.159412  1.25253  2 
 0.159091  1.25521  2 
 0.158761  1.25253  2 
 0.156566  1.23539  2 
 0.156463  1.23232  2 
 0.156566  1.23153  2 
 0.158847  1.21212  2 
 0.156566  1.19425  2 
 0.15404  1.19504  2 
 0.151839  1.21212  2 
 0.151538  1.23232  2 
 0.151585  1.25253  2 
 0.151515  1.25315  2 
 0.151444  1.25253  2 
 0.151459  1.23232  2 
 0.151158  1.21212  2 
 0.14899  1.19594  2 
 0.146465  1.19732  2 
 0.144629  1.21212  2 
 0.144219  1.23232  2 
 0.143939  1.23455  2 
 0.141414  1.23398  2 
 0.141278  1.23232  2 
 0.138889  1.2181  2 
 0.136364  1.21701  2 
 0.133838  1.2192  2 
 0.132219  1.23232  2 
 0.131313  1.23875  2 
 0.128788  1.23911  2 
 0.126263  1.23933  2 
 0.124625  1.25253  2 

